642 1373 2407 1377 4012 
11 1549 4393 3232 
11 1637 1679 263 
366 489 3131 499 
366 1069 3298 502 
258 259 262 261 208 
500 501 1069 512 
488 647 2168 491 
461 462 635 2678 
538 539 553 587 
411 1941 1942 1842 1843 1943 1944 1957 1959 1967 
411 1843 1942 1842 1941 1943 1944 1957 1959 1967 
411 1942 1943 1842 1944 1957 1959 1967 
411 1943 1944 1842 1957 1959 1967 
385 386 2541 4440 
411 1944 1957 1842 1959 1967 
411 1957 1959 1842 1967 
411 1959 1967 1842 
135 1390 1647 1730 1391 
126 127 2061 2060 3561 
180 181 183 182 179 
179 180 182 183 
184 1986 3343 2005 
61 352 888 1336 1335 2202 2203 2204 3030 889 3791 
61 888 1335 1336 2202 2203 2204 3030 
210 277 280 275 209 278 279 281 174 
207 208 1414 228 
208 258 261 262 
215 216 223 1812 
215 1456 1553 314 3578 
215 1553 3578 314 
217 1380 2717 2725 
1702 1704 2035 2010 2228 2034 2029 1703 
1671 1874 1875 1974 
1574 1575 2270 2169 
1567 2544 2546 2545 1098 
4571 4780 4782 4781 4840 4841 4839 4432 730 
4780 4839 4840 4782 4781 4841 4571 4432 730 
4780 4781 4840 4782 4839 4571 4432 730 
4571 4780 4782 4839 4432 4781 730 
4432 4780 4782 4571 730 4781 
3526 3566 3568 3567 
3404 3405 3407 3406 
3199 3200 3201 3202 
3987 3989 3990 3988 2278 
1839 1886 1887 2583 1838 
1796 3240 4108 2660 889 
2032 2033 4837 2046 2047 3119 2045 2031 1662 2030 3860 2515 
2763 2764 2765 2827 
2613 3318 4409 3717 
2099 2100 2101 2102 
730 4780 4782 4432 
1224 1534 4295 2539 4297 
1226 1807 1867 1644 
1224 1534 4297 2539 
1206 1210 1211 1209 1207 1208 618 1383 
1098 2544 2546 1567 
1082 1083 1280 1281 
1136 1138 1140 1146 1142 1143 
1136 1140 1143 1146 1142 1138 
1136 1138 1142 1146 
1126 3396 3397 2117 
1292 2607 2951 4465 
1292 2118 3409 3410 
1360 4545 4547 4546 
967 968 4675 1919 
889 1796 2660 4108 
1380 2435 1945 1947 
1905 4612 1904 3475 
1655 4135 1654 1658 
2502 3433 2501 3432 
4503 4504 1370 1466 
1401 1731 1402 2712 
2503 2679 1388 2504 
1279 1338 1278 1337 
989 3815 987 988 
357 636 262 348 
1133 2511 2514 
1099 1100 1101 
1196 1251 1471 
1059 1400 2171 
1278 1279 1337 
1278 1337 1338 
1240 1427 2378 
1222 1893 1894 
1229 2147 2200 
1240 1427 2379 
880 2234 3689 
972 1519 4281 
976 977 2003 
987 988 989 
987 988 3815 
1016 2028 4329 
1583 1584 4060 
1532 1695 4668 
1614 1615 3472 
1654 1655 1658 
1654 1658 4135 
1370 1466 4503 
1370 1466 4504 
1373 1374 1628 
1377 2407 4012 
1380 1945 1947 
1318 1319 1663 
1358 3430 3431 
1477 1529 3687 
1477 1528 1529 
1388 2503 2504 
1388 2504 2679 
1388 2504 2680 
1401 1402 2712 
1402 1731 2712 
436 437 582 
484 2586 2587 
502 503 507 
401 1107 1108 
407 1318 1663 
307 3359 3360 
275 1769 1827 
325 326 327 
325 327 328 
325 328 453 
310 3267 3268 
313 314 412 
316 671 1339 
316 1287 1288 
316 1288 1339 
802 803 3887 
782 783 784 
720 1526 2709 
722 723 1440 
640 641 1513 
642 1373 4012 
642 2407 4012 
686 1670 3189 
196 1094 3312 
186 1850 4345 
4775 4776 4777 
4802 4803 4804 
262 348 637 
262 348 636 
262 348 357 
259 303 513 
253 1428 2940 
3970 3971 3977 
4326 4327 4346 
219 395 4034 
245 246 3541 
5 1065 1066 
57 1555 1796 
53 488 490 
1904 3475 4612 
1796 4048 4049 
1798 3611 4028 
1904 1905 3475 
1926 1927 1928 
1995 1996 2483 
1945 1947 2435 
1982 1983 1984 
1720 1721 3341 
2910 2911 2918 
2910 2918 2932 
2918 2932 3358 
2980 2981 2982 
2709 4885 4886 
3442 3443 3444 
3488 3489 3553 
3533 3534 3545 
3587 3588 3672 
2083 2633 2666 
2152 2256 2290 
2175 3613 3640 
2079 2080 2093 
2239 2259 4054 
2052 4741 4742 
2278 3987 3989 
2278 3987 3990 
2278 3988 3990 
2300 2393 2395 
2501 3432 3433 
2501 2502 3432 
2460 2461 2462 
2458 2459 2460 
3987 3989 3990 3988 2278 
642 1373 2407 1377 4012 
1586 1587 1934 2007 2507 1938 2564 1366 1365 1935 1936 1361 1937 3385 3573 3574 2740 2686 
671 4361 4433 4428 4426 4425 4424 4362 3115 4432 4430 4358 4431 4427 4429 
467 468 670 472 547 585 470 
467 547 670 472 585 468 470 
144 4487 4488 4486 944 4485 
174 209 281 275 277 210 278 279 280 
174 277 280 275 281 210 
3115 4424 4430 4361 4427 4429 4428 4432 4433 4431 4426 4362 4358 4425 671 
3115 4427 4429 4361 4428 4426 4432 4431 4430 4433 4358 4362 
1845 3053 3423 3813 3422 3424 3608 
4661 4663 1695 1747 4662 1699 1696 4664 10 
2910 3358 2918 2932 2911 
3987 3988 2278 3989 3990 
3989 3990 2278 3987 3988 
1373 2407 1377 4012 642 
2679 2680 1388 2504 2503 
636 637 262 348 357 
1373 2407 642 4012 1377 
671 1288 316 1339 1287 
327 453 325 328 326 
1208 1209 1211 1206 1207 1210 1383 
1296 3299 3304 3300 3302 3301 
1324 2374 2375 2295 1323 2377 2376 
594 718 3603 578 596 595 579 571 572 
1695 1747 4663 10 1696 4662 4661 4664 1699 
1702 2035 2228 1704 2029 1703 2034 2010 
3489 3493 3551 2819 3490 3552 2785 
2515 2033 2047 2030 2031 3119 2045 4837 2032 2046 3860 1662 
2030 2032 2033 3119 2047 4837 2045 2031 2046 2515 1662 3860 
1477 1528 1529 3687 3912 1476 
1734 2186 2516 3611 3609 3610 2188 
1845 3423 3608 3422 3424 3813 3053 
1080 1308 1547 3074 1798 3073 1309 2448 2072 
2561 2550 2551 2556 2553 2754 2554 2557 4336 1508 2552 2786 2555 
3646 3651 3663 3664 3650 3701 3652 3677 3676 3649 3225 3648 3226 3647 3700 3702 3662 3665 1507 3189 3717 4474 
2375 2376 1324 2374 2295 2377 1323 
1210 1211 1208 1209 1207 1383 1206 
1207 1208 1209 1206 1210 1211 1383 
1016 4328 4329 3717 4557 2028 4602 3772 
1296 3299 3300 3301 3303 3304 3302 
1296 3299 3302 3300 3304 3303 3301 
1323 1324 2374 2376 2377 2375 2295 
578 595 596 579 594 3603 718 571 572 
120 121 731 3204 2515 3435 3173 730 1499 1878 4010 
245 247 518 248 522 524 529 523 533 530 3636 597 3789 
1695 1696 1747 10 4661 1699 4663 4664 4662 
1695 1747 4661 1696 1699 10 4664 4662 
1702 2034 2228 1703 2029 1704 2010 2035 
2551 2553 2555 2561 2552 2557 2550 2556 2554 1508 2754 4336 2786 
2555 2556 2550 2553 2557 2552 2554 2551 2754 4336 2786 2561 1508 
535 540 542 558 682 549 559 534 541 545 546 554 567 568 705 4501 550 551 48 515 514 537 536 
2754 2551 2553 2556 2557 4336 2555 2554 2786 2561 2550 1508 
339 1240 1250 865 386 2378 1427 2379 1241 3314 3315 1428 2143 
407 1318 1319 1320 1663 3563 1662 2786 4110 405 
1511 1515 1512 2529 2580 4442 4820 1755 4458 4444 4443 4563 4562 
2030 2031 2033 2047 3119 4837 3860 2045 2515 1662 
4567 3871 3873 4538 3872 4566 3874 2981 437 3137 3875 4539 3910 3490 4589 4588 4587 3138 
765 1191 1717 2573 769 770 767 768 764 1190 1192 766 2069 3635 235 2971 2968 2969 2014 1758 1757 1718 1359 3952 4580 4579 3065 2970 2578 2577 2576 2575 2574 2284 
2164 4479 4480 4481 956 4461 4726 4727 4743 4744 3160 1371 1635 2206 623 959 961 1409 1295 1985 2730 2273 2346 2017 4460 1522 975 2342 1706 2418 1705 1636 772 570 4862 4861 4860 3946 3771 1707 1904 2998 2999 3000 748 1620 1666 1668 1683 1700 1734 1795 1819 1823 1833 1835 1879 1880 1902 1903 1613 1920 1933 2015 2025 2099 2147 2201 2217 2304 2368 2397 2400 2426 2444 2453 1412 1268 1269 1292 1306 1311 1334 1344 1350 1353 1380 1403 1405 1408 1411 2464 1464 1465 1474 1479 1508 1524 1525 1532 1533 1534 1537 1582 1588 1592 1605 3583 3356 3408 3428 3455 3456 3461 3473 3474 3497 3499 3547 3558 3564 3571 3582 3342 3631 3632 3633 3634 3643 3706 3714 3718 3765 3768 3774 3792 3824 3825 3826 2989 2514 2531 2532 2538 2584 2585 2588 2645 2761 2798 2906 2939 2949 2957 2990 3001 3024 3107 3109 3110 3122 3140 3154 3208 3209 3251 3284 3308 3325 4123 1114 4367 1680 1681 1910 3708 3190 1682 2244 1550 2711 2710 2247 4368 1737 3373 2527 2246 2245 25 1044 1385 4018 4017 3025 2523 1775 612 85 4403 4733 4698 4595 2248 2184 3569 2719 2718 1911 2086 1715 2223 2917 1714 22 2218 2219 3605 1735 868 713 2220 1736 2151 3855 3798 1836 1744 4828 746 1540 1561 1541 3606 3389 3189 2594 2409 1908 1661 854 1313 2520 2521 945 318 346 625 1305 1314 390 83 373 940 937 607 938 943 944 946 947 1076 2282 1055 1054 1678 666 1239 3846 74 979 3847 4857 2567 2936 344 991 3244 974 790 934 1053 1450 1677 2226 2419 1157 800 822 855 843 1855 3269 3313 3586 842 333 864 827 1490 321 3100 838 1506 4096 3731 3730 3729 3728 3726 3725 3283 2199 2198 2197 2196 2149 2016 1754 1743 1580 1509 1491 3094 424 1463 1507 857 799 271 186 3326 3095 2549 1697 1748 1749 2628 3964 3996 1485 3995 217 4612 1488 2506 727 728 1523 310 1716 825 4497 3462 3994 897 898 1688 725 1197 4203 4608 332 836 856 858 906 2355 811 895 1454 2277 2353 2352 2351 73 1407 1406 1719 233 29 2528 2684 317 320 368 1182 1189 1246 1322 2776 1472 1473 115 238 4525 3899 3934 3959 3935 3851 1755 77 3936 2981 4511 4510 4508 1249 4050 3852 2530 1817 490 4582 4346 3891 2454 3355 1840 2456 2484 602 2457 2210 3793 3794 3814 3801 131 312 129 1590 8 1248 3532 1564 3967 3966 3133 1756 3134 3958 2181 1110 1111 1432 1165 3169 1431 1166 1167 1164 2178 2148 399 863 330 835 859 860 861 862 912 2635 4647 4724 815 823 832 4207 4179 4178 4171 4130 4063 4406 4047 4046 4045 3972 3954 4418 4439 4467 4495 4517 4649 4687 4749 4750 4787 3827 3839 3841 3842 3843 3850 3862 3914 3915 793 872 889 962 981 982 984 1043 1052 1056 1063 1092 1093 1151 1200 1203 1221 1242 1243 1245 418 26 47 93 133 192 235 242 343 366 382 398 436 603 667 749 759 763 787 1187 1061 1091 1177 1267 1277 2639 4639 4544 4061 4254 4405 24 1150 3544 3711 2839 753 756 758 3887 336 265 350 752 761 757 33 3141 797 2430 2980 4617 4794 347 760 801 798 2664 2602 1247 11 920 1263 1264 1265 3112 878 919 879 1657 821 4291 4537 747 21 365 1504 4156 2603 2432 1545 1544 2384 2383 2382 2298 1752 1751 1750 1732 1521 72 2650 3719 2649 820 1017 1183 794 1315 1386 1400 1404 1430 1684 345 94 219 306 610 762 771 773 90 796 816 2222 2307 2642 2962 2965 3099 4298 3386 3501 3763 3806 1686 27 109 3878 1457 4114 4113 4747 4729 3048 2916 1543 1214 1526 2667 4634 4008 909 4674 1581 4707 3927 3324 2399 1610 876 2402 4705 2524 2748 2525 4656 4498 1317 1293 2512 3176 4611 4594 3896 2749 2724 4658 4657 4638 196 3886 4610 4637 4478 2695 2508 2513 4609 3893 81 573 107 108 6 819 75 86 92 292 293 7 364 91 4560 401 2057 335 3894 3 82 2293 2 23 95 2344 2343 2341 2274 2272 2260 2908 2207 1425 1410 2177 4170 806 3724 3721 3720 3339 3426 3452 3449 3427 4773 1163 2438 2437 1384 1046 2466 1664 3382 3307 3306 3305 420 3340 2319 1996 1159 2211 2592 2697 2593 431 3758 2548 3757 3756 3707 3212 3211 3210 2701 1252 1417 2700 3158 1271 1244 412 204 114 2702 1273 2497 2213 2467 4385 903 4817 1738 1845 1204 2221 1745 2547 3909 3908 3907 3906 3905 3902 3734 3904 3903 3848 3901 3900 2171 2135 2826 211 2349 2348 2347 2345 2350 3241 4153 5 1722 2596 2652 818 1348 3920 3921 4005 4343 331 45 297 2022 2023 296 4725 1181 4168 1493 1659 1982 2131 2294 2473 3270 3464 3479 4129 4173 30 844 892 2589 2590 3352 3978 4068 4125 4793 839 840 421 1289 1419 1420 1418 3654 1367 1510 3485 1085 2106 2182 1368 70 1115 414 1441 3604 1399 3414 2228 3013 2984 4035 3415 1767 4167 69 1480 1355 2231 2234 2619 2620 4759 4760 4761 3804 2256 976 1270 1062 2743 4520 880 3689 2233 826 4581 3653 164 1953 163 2215 234 3344 2216 370 1377 237 218 875 828 445 871 3546 175 12 882 1709 4714 4717 4716 4715 2877 1629 13 116 1729 172 173 118 1421 751 117 1376 166 1392 1439 1598 1774 3009 3061 3656 3657 3658 3981 3982 169 194 1394 2994 165 168 263 167 394 1492 3010 3011 220 2340 2339 2139 881 1708 4353 754 1816 4169 351 352 322 4003 910 143 614 1486 286 288 2084 287 89 1028 1631 290 213 214 289 291 668 780 1381 774 781 776 3727 4027 236 775 1885 2367 2963 3436 3194 3186 71 1746 2731 3361 3381 3391 3451 3469 3471 1782 1321 901 49 51 50 1058 3764 3778 3779 3780 720 2493 1029 3849 3882 1031 1310 1175 128 1413 710 890 446 3818 130 432 4246 433 2276 46 151 4723 1435 1640 1147 1149 150 1038 1039 1148 1022 1578 1975 1711 3523 4124 4694 342 1023 1025 1898 465 1222 1555 1685 2651 193 1021 1676 2354 893 2103 2621 1467 2411 3690 4002 3883 3885 4211 1423 837 2827 4660 2723 1226 1281 3514 1726 3463 2568 2717 2417 4842 4795 1790 4843 2729 3928 3932 337 2056 2132 2136 2696 4016 4185 4807 189 225 97 942 10 1379 156 3777 4335 56 907 4184 755 14 190 188 187 792 1100 3370 4570 4548 4549 2085 4022 2608 4020 4023 298 362 2089 3594 3097 2726 2727 1416 2699 2604 2862 3614 2308 1170 1340 1343 1341 1622 914 2518 1979 1844 896 1563 3816 3722 3723 393 99 3496 4536 392 1307 4445 1040 1047 992 3188 736 928 729 734 1395 1342 1889 1178 4482 1572 2683 2669 722 2107 1104 1625 1372 2121 1594 1596 1597 1595 2123 2122 865 4558 939 941 374 417 4183 199 1611 338 224 1312 2257 2258 113 4670 4220 1760 2708 4225 1759 2856 3522 1762 1761 1899 1900 1484 1527 1542 1536 1606 1607 1535 2208 1626 4449 1362 1570 1648 2193 4738 3559 2194 147 231 205 1429 1455 1363 1361 1518 1057 122 4202 3642 3275 2080 2051 2769 4453 2646 4457 4456 4455 4454 2750 4452 295 2766 2861 1300 2754 2751 2847 2790 2816 2755 4451 4450 1650 2094 2079 2092 2093 1710 121 447 1433 1449 
1369 1370 3741 1271 1272 1275 3460 1276 3486 2539 3390 1273 1400 1225 2520 756 757 1408 945 1313 2521 1524 937 1305 1340 1344 1889 1341 1343 1342 2444 2903 2983 748 1311 1411 3862 73 1664 2430 1404 1413 1433 46 368 1435 1555 61 193 151 192 1114 3325 1147 823 1640 2099 2798 1100 390 1588 3759 47 1221 343 318 22 1580 728 1239 3456 1246 424 1754 822 1506 1508 1507 825 842 271 332 799 843 346 347 991 3188 344 729 928 734 736 992 2453 1678 773 1686 758 760 350 752 753 759 1054 1053 1055 1395 607 4445 801 1737 3501 1040 747 1150 763 1277 4291 1367 1418 1419 1289 1510 1420 70 3604 1399 1441 3804 2256 414 1244 3414 2231 2228 415 1245 2984 1767 3415 4167 1115 1495 1440 3013 1368 2106 2182 421 3485 1085 74 2217 2260 2179 790 24 979 375 666 668 570 3714 2667 235 1242 1243 234 382 1403 370 2567 237 238 623 2367 1281 3920 610 625 3921 603 93 4343 26 3361 613 624 620 1417 2211 2592 2593 1159 2795 3524 3210 1158 431 3757 3758 1252 3756 49 50 51 133 130 543 544 566 587 557 4246 4250 4248 586 4249 17 4247 826 861 863 864 827 875 876 855 2411 333 838 4497 3690 2998 3000 725 1534 793 1582 1605 1613 1620 1666 1267 1268 1269 1292 1306 1334 1350 1353 1380 3842 3843 3850 3914 3915 3954 3959 3839 3967 3972 4045 4046 4047 4061 4063 4130 3583 3631 3632 3634 3643 3765 3768 3774 3824 3825 3826 3827 11 131 242 4787 366 398 418 436 4467 4178 4179 4405 4406 4418 4439 4517 4544 4639 4649 4687 4749 4750 3966 3841 4171 3582 3633 3706 3718 3792 4207 25 787 4254 2400 2426 2464 2514 2531 2304 2538 2584 2639 2645 2761 1902 1734 1795 1819 1823 1833 1835 1879 1880 2906 1903 1904 1920 1933 2015 2025 2201 3251 3284 3308 3356 3455 3209 3461 3473 3499 3547 3558 3564 3001 2939 2949 2989 2990 2999 3024 3107 3109 3110 3154 3208 982 1177 1165 1151 1093 1092 1091 1043 984 1187 981 962 898 889 872 868 1474 1465 1464 1412 1405 1203 1200 1197 4495 749 713 667 1479 3428 3408 3342 3140 3122 2957 3571 3497 3474 1700 1683 1668 1592 1537 1533 1532 1525 2588 2585 2532 2397 2368 2147 1063 1056 1052 1061 1563 433 432 4719 4688 4689 4690 4691 4692 4718 4720 4721 4722 1490 1491 3094 800 321 806 1425 2207 1410 2246 4595 2445 2442 1680 4156 2248 2247 2244 1738 1682 2245 1910 1385 1657 1684 3373 746 903 1636 612 322 2307 233 3099 4169 176 1222 1685 342 4124 4694 1578 4123 1021 1711 1024 1898 1022 1025 1381 774 781 219 776 777 778 779 4733 780 289 77 329 2905 352 573 605 606 604 684 811 1398 310 1716 317 2642 2022 2023 296 1181 2049 4396 3241 412 844 330 835 836 862 2635 832 1463 1855 3269 976 2956 602 2210 3794 1204 1590 2006 3793 383 3801 3814 129 1249 1434 1840 2456 3355 2454 2455 2484 930 1679 3935 4508 3936 3899 4510 2530 3851 4511 3165 8 312 164 446 128 890 710 3818 3883 2648 3764 3778 445 818 821 3 6 819 2 83 109 3893 107 81 5 19 186 90 1457 108 91 335 189 225 190 14 975 97 200 653 654 640 56 10 3878 940 373 942 1183 3374 82 974 199 2057 3190 1486 99 393 3496 4005 364 266 2373 1755 3729 1564 3133 3958 1756 3934 2508 3580 1629 2524 2525 2748 3326 2513 2981 4509 3426 3427 3452 1164 3449 1431 1432 3169 1110 1163 1111 1166 331 1167 1719 1488 798 2126 2664 1651 807 808 810 2602 772 2107 2384 1521 1522 1732 2432 1544 1706 1750 72 1751 1752 2383 2298 2382 727 2198 2016 2197 2149 2196 71 1746 2506 3995 3994 1062 3313 879 1406 2277 1454 895 2354 1407 2730 893 3681 1388 135 1844 3670 1688 3586 897 2518 1714 1979 816 871 896 2199 1676 3462 1727 574 575 141 1170 2308 1618 1541 1226 1348 1643 1248 2215 2181 202 3891 985 1540 27 1561 1101 1416 1846 2086 3848 2418 2936 3372 2419 2547 4807 2223 2548 4016 4185 1715 1736 2151 2917 2218 755 188 1029 4162 804 956 959 2273 4726 4727 4461 4479 4480 4482 4481 4743 4744 2342 961 2346 1295 1985 2017 2164 4460 2056 2136 1635 1371 2343 2345 3928 2347 3932 2274 2341 2272 2220 2344 1409 2222 2219 1735 3855 3734 3798 4729 4747 1744 1836 4653 1908 2085 3370 618 1442 4549 4548 3371 3606 1550 1775 1386 2697 2696 3707 2699 2700 2212 2213 2701 4184 1035 1481 1546 1739 1740 1778 1539 2239 2968 1742 1034 1741 1542 1098 616 935 619 617 4672 4671 1044 2594 2570 94 306 345 771 794 21 762 2355 2965 3386 3763 3806 3946 796 820 1315 1017 2962 4298 4647 1247 1430 4707 3927 3324 4114 4113 1918 1907 3369 2088 4723 4013 4368 1214 590 3464 1453 1845 3605 971 1573 423 397 745 1777 3546 828 880 392 365 4536 4008 4634 857 723 3726 3725 425 426 428 427 1644 211 2826 480 481 3278 484 483 487 646 475 3249 476 479 399 2496 3167 3591 32 119 3884 115 1768 3417 4176 23 1377 4496 2495 2232 4211 96 608 788 2318 2320 4693 2822 576 929 2744 3760 4613 4617 4618 1776 1046 1045 1048 1047 1074 3800 1504 1179 2437 2438 1180 1726 2568 782 797 2009 2127 4773 3816 4002 4003 839 840 910 851 2954 3996 830 904 852 850 849 848 847 846 845 841 873 874 824 853 1224 908 911 894 905 907 921 922 923 924 927 391 1785 1786 3007 659 1382 240 239 241 1554 236 116 172 173 118 751 117 882 1709 12 4353 1708 1816 2877 4640 166 1421 13 4641 2403 174 175 220 353 354 1492 1673 2002 2281 420 1002 754 1593 2861 4675 4567 2064 2026 2024 881 218 355 1352 1691 3708 938 4036 792 3813 4161 1218 934 2792 3775 918 1270 4360 3271 4611 3177 2512 3176 4609 4610 3886 2695 2103 4659 2579 2724 1414 1415 1423 1642 2216 2306 4213 3852 1745 3164 3895 3896 4014 3067 3931 430 1581 3345 909 1733 1753 1545 33 901 224 4284 4795 417 374 1705 1707 298 362 2089 3097 2608 4021 1113 3594 4381 4391 4390 4389 4382 4367 3568 2729 7 76 75 2776 1157 4724 912 860 859 815 812 3679 3680 2636 3350 4001 4838 809 943 944 946 947 1076 2282 4059 980 886 885 865 878 919 920 1263 1264 1265 3112 2252 1971 867 869 870 913 914 915 916 917 926 720 2909 3812 2000 4150 1811 2171 1223 1623 1829 2604 3627 3992 4026 4163 4234 3898 1031 3849 1310 1175 2698 3212 3211 3158 3811 2421 2420 2417 2415 2414 4836 4835 4834 4833 4832 4831 4830 2493 4829 1681 2719 2718 1911 2717 2183 2523 2184 1384 2603 2466 2727 2726 2711 2710 4020 3678 3596 3593 3795 3468 3135 814 299 1112 4019 2446 2443 2441 2497 1722 2652 4153 213 286 1028 214 1631 288 2084 287 265 4 3613 2916 3901 3900 2135 2221 290 1523 291 89 320 4071 3366 1710 2628 2324 1697 3463 1312 1094 3887 1278 2535 1182 2549 1514 2227 1422 3365 3189 3614 3882 3247 3248 2229 2849 2129 1030 1355 3897 4772 1884 1458 1097 2214 2597 1674 1531 1675 4794 4842 1790 4843 3569 3186 3194 337 338 1611 2132 2175 2669 2683 722 1653 4319 1900 3184 1899 4314 3147 3845 4313 4335 29 2684 2527 2528 3525 3527 3526 30 4242 126 3344 621 156 177 1953 163 3777 1379 100 336 334 143 102 187 795 3953 3514 4022 3902 3903 3904 1748 3964 1749 1485 4612 3684 1484 2416 2536 1759 1760 2708 2258 4225 854 2856 1762 1761 4220 113 4670 
