1	1	1
2	3	1
4	5	1
6	7	1
8	9	1
10	11	1
12	13	1
14	15	1
16	17	1
18	19	1
20	19	1
21	22	1
23	24	1
25	26	1
27	28	1
27	15	1
29	30	1
31	23	1
32	33	1
34	35	1
36	37	1
38	36	1
39	40	1
39	41	1
15	15	1
42	43	1
44	45	1
46	46	1
46	47	1
48	16	1
49	50	1
51	50	1
52	53	1
52	54	1
55	56	1
57	58	1
59	60	1
59	57	1
61	59	1
62	63	1
63	64	1
65	66	1
67	68	1
69	70	1
71	26	1
72	71	1
61	73	1
74	22	1
75	76	1
7	76	1
77	78	1
79	80	1
81	81	1
81	82	1
83	82	1
84	2	1
85	2	1
86	6	1
3	6	1
87	88	1
83	2	1
2	81	1
2	6	1
2	89	1
83	90	1
91	83	1
92	6	1
93	91	1
91	23	1
22	94	1
83	22	1
90	22	1
95	93	1
93	23	1
96	97	1
97	98	1
97	99	1
100	97	1
97	5	1
5	101	1
5	102	1
103	5	1
5	104	1
105	5	1
106	5	1
107	108	1
6	107	1
108	6	1
109	108	1
81	6	1
81	107	1
109	81	1
110	111	1
112	113	1
112	114	1
115	112	1
116	117	1
117	118	1
119	117	1
120	121	1
122	123	1
124	125	1
126	127	1
49	51	1
49	128	1
128	129	1
51	130	1
131	132	1
133	129	1
129	129	1
133	50	1
133	49	1
133	51	1
134	135	1
136	137	1
138	139	1
75	6	1
7	140	1
141	7	1
75	141	1
141	142	1
143	75	1
144	145	1
146	144	1
8	147	1
148	8	1
8	149	1
56	8	1
10	8	1
150	151	1
152	139	1
152	153	1
152	154	1
35	152	1
155	139	1
156	11	1
151	46	1
157	27	1
158	27	1
159	27	1
27	160	1
161	162	1
163	164	1
163	64	1
164	11	1
163	10	1
165	166	1
167	166	1
168	166	1
13	165	1
13	167	1
166	169	1
116	166	1
168	13	1
116	13	1
170	171	1
172	12	1
172	118	1
12	173	1
174	13	1
175	13	1
13	176	1
177	178	1
179	180	1
180	181	1
179	182	1
182	183	1
182	181	1
184	184	1
38	185	1
186	187	1
188	189	1
190	188	1
188	5	1
24	22	1
5	3	1
25	191	1
46	192	1
93	97	1
97	3	1
125	56	1
151	193	1
173	118	1
50	50	1
166	194	1
143	83	1
151	47	1
25	195	1
19	196	1
50	128	1
56	131	1
3	197	1
3	198	1
2	199	1
97	200	1
137	201	1
56	202	1
183	180	1
203	199	1
151	192	1
187	5	1
204	205	1
204	206	1
207	208	1
209	210	1
211	212	1
213	214	1
215	216	1
45	217	1
218	219	1
220	13	1
221	222	1
223	215	1
224	6	1
189	5	1
189	225	1
5	190	1
190	225	1
226	227	1
228	8	1
229	204	1
230	204	1
204	231	1
205	147	1
231	147	1
27	232	1
233	234	1
233	235	1
236	235	1
235	219	1
235	237	1
237	234	1
238	239	1
240	239	1
240	5	1
238	241	1
241	239	1
6	242	1
243	244	1
243	136	1
245	245	1
246	245	1
245	247	1
248	245	1
249	250	1
251	252	1
253	253	1
253	254	1
255	219	1
255	256	1
257	249	1
258	259	1
260	259	1
261	259	1
259	177	1
258	262	1
263	220	1
263	13	1
264	220	1
220	259	1
100	265	1
266	265	1
258	208	1
261	208	1
208	267	1
221	268	1
269	221	1
222	270	1
186	271	1
271	271	1
262	261	1
56	272	1
273	274	1
275	209	1
174	209	1
276	209	1
277	275	1
174	277	1
210	277	1
278	275	1
174	278	1
278	210	1
174	279	1
210	279	1
280	275	1
280	174	1
280	210	1
281	275	1
174	281	1
282	273	1
282	283	1
284	211	1
285	211	1
286	214	1
287	214	1
288	214	1
287	286	1
286	288	1
213	286	1
213	288	1
288	287	1
289	214	1
287	289	1
289	286	1
288	289	1
290	291	1
290	288	1
292	6	1
6	293	1
294	184	1
295	136	1
296	297	1
298	298	1
299	298	1
300	301	1
215	301	1
79	301	1
302	56	1
259	303	1
304	303	1
60	305	1
306	22	1
307	5	1
308	309	1
310	311	1
228	65	1
312	65	1
114	312	1
313	314	1
315	316	1
317	318	1
296	318	1
45	319	1
320	321	1
321	322	1
323	324	1
325	326	1
325	327	1
327	328	1
321	321	1
329	329	1
330	331	1
331	332	1
333	331	1
91	224	1
224	334	1
335	6	1
91	335	1
335	334	1
336	200	1
337	338	1
338	91	1
337	91	1
27	73	1
339	27	1
340	341	1
342	343	1
46	343	1
344	22	1
345	22	1
346	347	1
22	346	1
262	348	1
349	135	1
350	346	1
238	321	1
321	351	1
115	321	1
321	352	1
45	321	1
13	353	1
354	13	1
321	233	1
218	355	1
237	218	1
11	177	1
356	211	1
204	147	1
357	262	1
358	209	1
210	281	1
259	259	1
359	45	1
47	342	1
5	360	1
361	204	1
362	298	1
363	204	1
364	6	1
365	265	1
366	367	1
279	275	1
291	289	1
271	331	1
368	22	1
177	163	1
228	208	1
328	325	1
208	351	1
328	369	1
219	370	1
371	372	1
373	374	1
211	375	1
211	376	1
211	377	1
211	378	1
379	236	1
380	236	1
219	236	1
237	236	1
355	236	1
381	236	1
382	234	1
235	382	1
370	382	1
383	383	1
383	384	1
383	256	1
383	249	1
385	386	1
387	388	1
389	386	1
390	242	1
242	391	1
100	242	1
242	392	1
242	99	1
242	393	1
393	364	1
172	13	1
173	13	1
116	172	1
116	173	1
13	394	1
172	395	1
395	219	1
396	396	1
397	398	1
91	143	1
164	131	1
156	56	1
156	10	1
10	366	1
399	366	1
312	366	1
400	401	1
184	402	1
184	403	1
404	184	1
56	258	1
405	406	1
405	407	1
408	409	1
410	411	1
412	411	1
413	411	1
414	415	1
416	416	1
417	373	1
382	418	1
383	252	1
393	336	1
398	419	1
366	56	1
258	325	1
420	242	1
420	116	1
234	219	1
374	417	1
421	401	1
422	423	1
424	425	1
426	424	1
426	425	1
425	427	1
428	425	1
429	430	1
430	430	1
431	431	1
50	431	1
130	431	1
130	432	1
432	50	1
432	432	1
433	431	1
432	433	1
431	432	1
434	435	1
436	437	1
438	437	1
439	440	1
432	441	1
442	443	1
444	445	1
446	447	1
447	448	1
449	450	1
451	452	1
452	328	1
453	328	1
453	325	1
440	454	1
455	454	1
456	457	1
453	458	1
459	460	1
461	462	1
463	454	1
464	268	1
46	465	1
269	466	1
467	468	1
259	469	1
470	468	1
469	471	1
303	303	1
303	304	1
472	468	1
348	357	1
473	474	1
475	476	1
477	478	1
479	475	1
480	476	1
481	480	1
480	482	1
480	483	1
480	479	1
484	481	1
475	485	1
486	476	1
487	481	1
476	484	1
476	487	1
53	488	1
366	489	1
488	490	1
53	490	1
491	492	1
54	493	1
494	495	1
496	497	1
498	499	1
489	499	1
489	489	1
500	501	1
502	503	1
502	504	1
504	505	1
506	502	1
507	507	1
502	502	1
507	502	1
508	509	1
510	511	1
507	503	1
500	501	1
501	512	1
513	303	1
514	515	1
516	517	1
247	518	1
259	513	1
222	519	1
520	521	1
522	523	1
523	524	1
524	248	1
522	248	1
525	248	1
526	525	1
527	525	1
525	528	1
529	524	1
530	524	1
531	530	1
248	532	1
533	518	1
534	514	1
535	514	1
536	537	1
538	539	1
540	541	1
542	541	1
543	544	1
545	546	1
547	467	1
513	510	1
548	533	1
537	514	1
530	527	1
524	524	1
522	524	1
534	536	1
535	549	1
534	550	1
534	551	1
48	534	1
552	537	1
541	550	1
551	541	1
541	48	1
534	542	1
517	552	1
538	553	1
541	554	1
534	555	1
556	557	1
549	535	1
558	550	1
535	542	1
558	551	1
558	559	1
559	534	1
559	535	1
549	534	1
560	561	1
48	558	1
542	558	1
558	540	1
558	549	1
558	554	1
541	562	1
541	563	1
564	565	1
566	543	1
545	567	1
550	515	1
545	568	1
515	48	1
569	570	1
571	572	1
573	574	1
575	322	1
346	576	1
163	577	1
578	579	1
54	491	1
580	581	1
436	582	1
554	545	1
540	545	1
545	542	1
472	547	1
540	535	1
547	470	1
467	583	1
467	584	1
467	585	1
472	585	1
515	551	1
586	515	1
553	587	1
539	587	1
587	544	1
588	587	1
566	587	1
587	589	1
590	570	1
570	591	1
592	570	1
570	593	1
518	245	1
594	595	1
572	594	1
594	579	1
578	596	1
596	245	1
596	579	1
578	578	1
571	595	1
523	245	1
522	522	1
530	530	1
597	523	1
597	529	1
598	599	1
600	570	1
601	600	1
570	602	1
570	242	1
603	574	1
573	604	1
603	604	1
605	604	1
606	603	1
605	606	1
607	608	1
465	570	1
235	570	1
570	609	1
603	24	1
603	610	1
412	611	1
612	322	1
613	603	1
223	614	1
614	615	1
614	300	1
616	617	1
618	617	1
619	616	1
618	619	1
603	141	1
573	575	1
573	141	1
570	620	1
620	603	1
621	620	1
570	622	1
570	199	1
623	570	1
624	610	1
375	624	1
624	570	1
625	570	1
570	626	1
570	346	1
627	570	1
570	607	1
607	613	1
628	570	1
1	629	1
630	477	1
631	473	1
478	478	1
630	632	1
633	634	1
635	461	1
262	636	1
637	262	1
348	638	1
348	639	1
636	348	1
348	637	1
640	641	1
642	643	1
644	645	1
484	483	1
646	487	1
488	647	1
491	647	1
648	582	1
264	649	1
650	582	1
651	652	1
653	654	1
655	656	1
657	658	1
659	240	1
240	660	1
661	662	1
510	509	1
663	664	1
665	519	1
211	211	1
666	667	1
6	91	1
570	668	1
65	669	1
545	48	1
467	670	1
606	573	1
671	412	1
348	357	1
672	673	1
674	675	1
670	472	1
578	595	1
412	676	1
322	141	1
587	586	1
578	594	1
605	574	1
603	575	1
666	573	1
677	477	1
678	678	1
594	78	1
624	603	1
679	680	1
560	681	1
682	540	1
542	682	1
559	682	1
682	549	1
595	596	1
571	571	1
322	683	1
603	684	1
605	684	1
684	573	1
666	603	1
570	666	1
322	666	1
375	666	1
570	412	1
582	137	1
685	38	1
686	687	1
688	689	1
423	397	1
690	691	1
582	692	1
693	694	1
695	696	1
697	582	1
199	91	1
698	699	1
8	667	1
700	701	1
702	703	1
582	704	1
705	534	1
706	706	1
707	708	1
709	707	1
710	711	1
712	709	1
713	433	1
541	567	1
546	541	1
568	541	1
714	715	1
716	717	1
718	596	1
571	578	1
719	433	1
720	50	1
721	581	1
722	723	1
724	714	1
248	529	1
541	705	1
725	445	1
607	607	1
608	608	1
406	726	1
406	406	1
727	728	1
729	346	1
730	731	1
121	731	1
730	652	1
730	121	1
732	397	1
733	732	1
734	346	1
171	735	1
729	734	1
736	346	1
729	736	1
737	738	1
739	737	1
737	740	1
397	741	1
742	397	1
397	743	1
744	397	1
398	745	1
746	14	1
607	96	1
747	22	1
748	22	1
749	750	1
172	751	1
751	173	1
752	753	1
754	751	1
225	746	1
5	746	1
755	746	1
755	225	1
756	753	1
757	756	1
758	756	1
350	758	1
753	350	1
350	752	1
753	759	1
758	759	1
758	347	1
760	758	1
350	347	1
753	33	1
753	761	1
22	762	1
747	747	1
747	763	1
764	765	1
765	766	1
767	764	1
767	768	1
765	769	1
769	767	1
770	765	1
770	767	1
22	771	1
22	772	1
22	607	1
607	266	1
242	607	1
347	773	1
22	773	1
237	418	1
418	234	1
418	774	1
237	775	1
776	777	1
418	778	1
418	776	1
418	418	1
418	779	1
418	289	1
418	780	1
418	781	1
781	774	1
782	783	1
782	784	1
783	784	1
418	782	1
219	780	1
774	780	1
781	219	1
785	219	1
22	73	1
22	612	1
22	219	1
786	787	1
786	786	1
176	612	1
607	788	1
299	789	1
350	350	1
186	790	1
5	186	1
190	755	1
190	186	1
791	189	1
186	189	1
189	792	1
189	755	1
792	5	1
5	755	1
218	237	1
22	793	1
22	790	1
794	22	1
795	796	1
753	797	1
752	758	1
798	759	1
799	758	1
752	799	1
799	271	1
332	799	1
799	800	1
22	758	1
801	758	1
752	801	1
418	797	1
214	350	1
350	286	1
802	803	1
804	186	1
186	607	1
607	804	1
804	778	1
805	804	1
22	22	1
14	806	1
806	807	1
807	808	1
809	807	1
807	607	1
810	607	1
810	807	1
808	810	1
811	812	1
813	812	1
814	812	1
812	186	1
815	816	1
336	759	1
6	186	1
5	19	1
22	796	1
817	818	1
757	753	1
819	6	1
765	768	1
777	418	1
799	753	1
5	806	1
6	19	1
793	790	1
758	753	1
772	772	1
186	746	1
793	748	1
795	794	1
818	22	1
820	22	1
607	808	1
821	818	1
790	821	1
723	822	1
800	823	1
824	825	1
826	827	1
828	829	1
800	333	1
822	830	1
831	826	1
800	832	1
833	834	1
835	836	1
836	271	1
800	836	1
800	836	1
836	332	1
330	835	1
330	836	1
330	837	1
332	330	1
333	838	1
333	330	1
728	333	1
333	822	1
333	839	1
840	333	1
822	841	1
822	728	1
822	842	1
822	843	1
844	822	1
845	822	1
846	822	1
847	822	1
822	271	1
822	800	1
822	848	1
849	822	1
822	850	1
851	822	1
332	822	1
852	822	1
825	838	1
330	825	1
728	825	1
842	825	1
825	853	1
271	854	1
330	271	1
825	271	1
855	271	1
271	856	1
271	800	1
800	857	1
332	800	1
800	842	1
800	843	1
855	800	1
858	271	1
800	835	1
330	800	1
859	800	1
860	800	1
815	800	1
333	800	1
800	822	1
800	842	1
800	855	1
271	800	1
332	800	1
800	832	1
861	800	1
862	800	1
863	800	1
864	827	1
865	864	1
864	321	1
725	866	1
867	868	1
869	868	1
870	868	1
871	713	1
872	868	1
825	873	1
874	825	1
825	332	1
827	842	1
842	875	1
842	321	1
842	843	1
827	843	1
843	321	1
827	876	1
876	875	1
876	321	1
877	876	1
855	827	1
855	321	1
842	855	1
855	843	1
878	855	1
855	879	1
871	725	1
826	321	1
861	826	1
880	826	1
863	826	1
828	12	1
118	828	1
828	881	1
882	828	1
828	827	1
828	321	1
828	883	1
828	884	1
842	864	1
843	864	1
864	855	1
864	861	1
880	864	1
862	864	1
885	864	1
864	886	1
864	863	1
332	835	1
332	842	1
844	332	1
887	888	1
888	889	1
128	890	1
364	242	1
891	891	1
332	892	1
723	832	1
893	832	1
832	894	1
895	832	1
896	725	1
827	897	1
897	875	1
896	897	1
897	898	1
827	879	1
321	879	1
871	879	1
899	879	1
900	879	1
901	130	1
130	725	1
725	49	1
902	889	1
890	903	1
891	590	1
333	842	1
904	822	1
905	832	1
271	832	1
333	843	1
906	271	1
800	825	1
832	907	1
908	822	1
909	909	1
910	333	1
332	333	1
911	822	1
838	822	1
330	822	1
800	330	1
800	912	1
913	868	1
868	914	1
868	915	1
868	916	1
868	917	1
868	918	1
919	855	1
920	855	1
921	832	1
922	832	1
332	832	1
832	923	1
811	832	1
924	832	1
897	321	1
725	879	1
50	901	1
855	822	1
800	800	1
875	826	1
925	828	1
896	898	1
855	333	1
271	835	1
864	800	1
868	926	1
927	832	1
346	928	1
928	729	1
929	346	1
602	930	1
931	932	1
931	933	1
934	931	1
935	931	1
931	936	1
937	938	1
937	373	1
937	607	1
939	373	1
373	940	1
941	373	1
942	373	1
373	83	1
940	941	1
940	942	1
83	940	1
939	937	1
940	937	1
942	937	1
937	83	1
937	943	1
937	944	1
937	81	1
937	945	1
937	946	1
937	947	1
948	949	1
949	950	1
951	949	1
948	640	1
952	952	1
953	954	1
953	955	1
623	956	1
219	623	1
237	623	1
957	623	1
623	958	1
623	959	1
623	960	1
961	959	1
962	962	1
962	963	1
964	962	1
965	966	1
967	968	1
969	970	1
971	423	1
398	971	1
329	972	1
744	744	1
973	973	1
974	22	1
975	974	1
976	977	1
978	976	1
22	979	1
980	979	1
981	982	1
983	984	1
985	984	1
680	986	1
987	988	1
989	988	1
990	987	1
991	346	1
346	992	1
991	992	1
22	991	1
993	994	1
995	996	1
994	996	1
997	997	1
998	999	1
999	1000	1
1001	935	1
414	414	1
1002	116	1
1003	1002	1
1004	1004	1
1005	1004	1
1006	1007	1
1008	1006	1
1009	1010	1
1009	1009	1
1011	443	1
1012	1013	1
1014	976	1
1014	1012	1
1015	1015	1
1015	1016	1
22	1017	1
1018	1018	1
1019	145	1
1020	1020	1
151	1021	1
151	1022	1
1021	47	1
1022	47	1
47	1023	1
193	1021	1
1022	193	1
1024	1021	1
1022	1024	1
1021	1025	1
1025	1022	1
1026	1027	1
1028	214	1
1028	288	1
1029	1030	1
1031	1029	1
1032	1033	1
1034	1035	1
1036	1037	1
151	1038	1
1039	151	1
1040	1040	1
1041	1041	1
1042	56	1
8	56	1
1043	56	1
1044	1045	1
1045	1046	1
1044	1047	1
1044	1048	1
1047	1046	1
1049	1049	1
1050	1051	1
748	1052	1
1053	991	1
1054	1053	1
1055	1054	1
1056	1055	1
991	1055	1
1057	1058	1
1059	1059	1
1060	1060	1
1061	1062	1
1063	748	1
333	748	1
1064	971	1
1065	1066	1
5	1066	1
1067	1067	1
1068	1068	1
1069	1069	1
1070	1069	1
1069	1071	1
1072	1073	1
1044	1074	1
1075	1076	1
1077	1077	1
1078	1079	1
1080	1081	1
1082	1083	1
1083	1084	1
1083	1085	1
1086	1087	1
1088	1087	1
492	1089	1
1090	1090	1
1091	1092	1
748	1093	1
1094	1093	1
1095	773	1
1095	1095	1
1096	1097	1
1098	1097	1
1099	1100	1
1100	1101	1
1102	1103	1
1104	1102	1
1105	1102	1
1106	1102	1
401	1107	1
1107	1108	1
1109	1107	1
1110	1111	1
1112	1113	1
720	1114	1
1115	1115	1
1116	1116	1
1065	5	1
1117	1117	1
1118	1118	1
1119	1119	1
1120	1121	1
1122	1122	1
1123	131	1
1124	653	1
1125	1126	1
966	966	1
1127	1128	1
1128	1127	1
1129	1129	1
1130	1129	1
1131	1131	1
1132	1132	1
1133	1133	1
1133	1134	1
1135	1136	1
1137	1136	1
1136	1138	1
1139	1136	1
1140	1136	1
1141	1136	1
1142	1136	1
1143	1136	1
1144	1136	1
1145	1136	1
1142	1146	1
1146	1143	1
1147	151	1
1148	151	1
1149	151	1
1150	1150	1
1150	22	1
1151	1150	1
763	1150	1
1152	1153	1
1154	1154	1
1120	1120	1
1155	1156	1
1157	843	1
1157	49	1
1158	1159	1
1158	1160	1
1159	1161	1
1162	1162	1
1163	1164	1
1165	1166	1
1167	1165	1
1164	1165	1
1168	1169	1
1170	607	1
1171	1172	1
1173	1173	1
1174	1173	1
1031	1175	1
1029	1175	1
1175	1176	1
1177	1178	1
1177	1179	1
1177	1180	1
1181	317	1
1181	296	1
1182	318	1
89	287	1
89	1183	1
1184	1185	1
1185	1185	1
1186	1186	1
1187	1188	1
1187	1187	1
318	1189	1
1190	1191	1
1190	1190	1
1190	1192	1
1193	1193	1
1194	1195	1
1196	1196	1
321	1197	1
1198	1199	1
1200	748	1
1201	1202	1
1203	1203	1
1204	1204	1
1205	1204	1
1206	1207	1
1207	1208	1
1209	1207	1
1210	1206	1
1206	1211	1
1212	1213	1
1214	1215	1
1216	661	1
60	1217	1
1218	1219	1
1219	1220	1
1221	1222	1
1221	1223	1
842	1224	1
1225	842	1
24	1226	1
1227	1226	1
1228	1228	1
1229	1229	1
294	1230	1
1231	1232	1
1233	1234	1
1235	1236	1
1237	1238	1
748	1239	1
855	1239	1
339	1240	1
339	1241	1
1221	1242	1
748	1243	1
748	1221	1
1242	748	1
1243	1221	1
1242	1243	1
1244	1245	1
1246	1247	1
1246	1248	1
1246	1249	1
1240	1241	1
339	1250	1
865	339	1
1250	1240	1
1240	865	1
1251	1251	1
1252	25	1
25	1253	1
1254	25	1
1255	1256	1
1253	1256	1
1159	1256	1
1256	1257	1
1256	1258	1
1256	1259	1
1256	1260	1
1261	1256	1
1262	1262	1
855	1263	1
855	855	1
1264	855	1
855	1265	1
1266	1266	1
1267	748	1
746	1218	1
1218	19	1
25	1218	1
1268	748	1
1269	1270	1
748	418	1
1271	1272	1
1273	1272	1
1274	1271	1
1271	1275	1
1272	1275	1
1271	1276	1
1276	1272	1
1187	748	1
1187	1277	1
1278	1279	1
1280	1082	1
1280	1281	1
1083	1282	1
1083	1283	1
1284	1285	1
1286	661	1
316	1287	1
1287	1288	1
748	47	1
1115	1289	1
1290	1290	1
717	717	1
1291	1291	1
717	1291	1
748	1292	1
1293	1293	1
975	1294	1
975	1295	1
1296	1297	1
1296	5	1
1298	1299	1
1300	697	1
1301	1302	1
1301	1303	1
1304	1304	1
937	748	1
937	1305	1
131	131	1
1306	1307	1
1306	1226	1
1080	1308	1
1309	1308	1
1310	1310	1
1311	1170	1
1312	1170	1
1311	1312	1
1313	346	1
1313	570	1
1313	1314	1
1313	318	1
1313	25	1
945	1313	1
1315	22	1
1316	1317	1
407	407	1
1318	1318	1
1319	1319	1
1320	1320	1
1318	407	1
1319	407	1
1318	1319	1
1320	1318	1
1319	1320	1
1321	1322	1
318	1322	1
1322	1322	1
318	1321	1
1323	1324	1
1324	1324	1
1325	1326	1
1327	1131	1
1328	1329	1
1328	1328	1
1330	754	1
135	1331	1
192	193	1
207	1332	1
1333	664	1
375	1334	1
61	1335	1
1335	1336	1
1337	1279	1
1338	1337	1
1338	1278	1
1337	1278	1
316	1339	1
1288	316	1
1288	1339	1
418	1340	1
1341	1340	1
1342	1340	1
1343	1340	1
1340	1344	1
1305	1313	1
1345	1346	1
1347	1348	1
1349	1349	1
1350	1351	1
1350	1352	1
1350	748	1
1350	1221	1
1353	1354	1
70	1355	1
1356	1357	1
283	115	1
1244	414	1
1358	773	1
1359	1360	1
1361	1058	1
1361	1362	1
1363	1364	1
1365	1366	1
1367	1368	1
1369	1370	1
722	1371	1
1371	1372	1
1373	1374	1
120	1362	1
1375	135	1
116	1376	1
219	1377	1
1378	1379	1
1380	1380	1
237	382	1
238	382	1
1210	1208	1
235	240	1
238	235	1
382	1381	1
1382	240	1
1382	238	1
1208	1211	1
238	659	1
1383	1209	1
1209	1208	1
1211	1209	1
1384	1385	1
1386	746	1
135	1387	1
1388	1389	1
135	1390	1
1390	1391	1
1392	1393	1
1394	1362	1
991	1395	1
1058	122	1
1396	1397	1
811	1398	1
414	1399	1
1400	1059	1
1401	1402	1
238	1403	1
22	25	1
1404	193	1
1405	998	1
1406	811	1
811	1407	1
1408	757	1
1409	1029	1
47	47	1
1410	1411	1
1411	1412	1
131	8	1
128	1413	1
731	120	1
1414	228	1
1414	1415	1
1416	1417	1
1418	1419	1
1419	1420	1
1421	116	1
1362	651	1
1422	1422	1
1423	1414	1
1424	1424	1
1420	1418	1
47	1404	1
1410	1425	1
1426	1390	1
1427	1428	1
1362	1429	1
237	370	1
1403	370	1
1110	1165	1
1413	133	1
725	712	1
1430	1306	1
1412	1425	1
1110	1431	1
1432	1110	1
1433	1404	1
1434	602	1
46	1435	1
1436	1437	1
1436	1438	1
1439	116	1
1440	1441	1
618	1442	1
1443	1444	1
748	979	1
1445	171	1
193	1435	1
1446	1446	1
1447	1448	1
1449	128	1
1450	1451	1
1452	1452	1
347	1453	1
811	1454	1
1455	1363	1
1456	314	1
1457	81	1
889	61	1
1458	131	1
1370	1030	1
1459	1370	1
1460	1370	1
462	1461	1
1462	412	1
1226	1463	1
1464	1465	1
1370	1466	1
296	1467	1
1468	1468	1
1469	1470	1
1471	1196	1
1472	318	1
237	1403	1
1473	318	1
1474	131	1
481	475	1
1393	1475	1
1476	1477	1
1469	1478	1
748	1479	1
131	653	1
1474	653	1
653	10	1
70	414	1
70	1480	1
1098	1481	1
1482	1483	1
1484	1485	1
1111	33	1
116	1392	1
475	645	1
1486	373	1
462	1487	1
1129	725	1
1488	1226	1
201	1489	1
1221	390	1
1490	1491	1
1392	1492	1
1493	318	1
1494	77	1
1244	1495	1
1496	1497	1
1498	488	1
1499	731	1
1500	1501	1
1221	1221	1
1502	641	1
1503	1504	1
1504	1505	1
857	1506	1
1507	1506	1
1506	1508	1
1506	1509	1
1510	1418	1
1511	1512	1
640	1513	1
1409	1514	1
1512	1515	1
1516	1517	1
1518	1058	1
749	1214	1
1519	1520	1
129	903	1
765	1191	1
1521	1522	1
1523	310	1
1411	1524	1
1412	748	1
1525	1249	1
1526	1527	1
1528	1529	1
1530	1531	1
1532	1532	1
570	318	1
163	163	1
1533	1458	1
889	889	1
843	843	1
748	1269	1
748	1534	1
1535	1536	1
1537	1537	1
186	73	1
1538	1326	1
1034	1539	1
1540	1541	1
1526	1542	1
1542	1543	1
1543	1527	1
22	903	1
26	1544	1
1545	1544	1
1034	1546	1
1080	1547	1
1361	1361	1
234	1403	1
748	382	1
1548	430	1
1549	11	1
1550	1551	1
1552	1152	1
1152	1388	1
314	1553	1
1554	382	1
1382	1554	1
46	1555	1
1555	1404	1
1555	57	1
1311	607	1
1556	1556	1
1413	129	1
129	233	1
1423	129	1
1557	1558	1
1559	1557	1
1559	1560	1
1561	1101	1
27	1561	1
959	956	1
1562	959	1
898	1563	1
1564	77	1
1565	1566	1
1557	1567	1
1568	1080	1
1424	1569	1
1570	1571	1
748	1344	1
1371	1572	1
1573	423	1
192	47	1
1574	1575	1
1493	1576	1
1577	1345	1
1578	193	1
56	1579	1
1348	233	1
728	838	1
1580	728	1
1506	838	1
1580	1506	1
1581	909	1
748	1582	1
1583	1584	1
1584	1585	1
842	271	1
1586	1587	1
390	1588	1
1588	318	1
1589	1584	1
1590	602	1
1591	1592	1
12	1593	1
754	1214	1
24	763	1
1594	1372	1
1595	1594	1
1594	1596	1
1594	1597	1
1577	1591	1
1598	116	1
1525	748	1
1599	1600	1
1601	324	1
1602	1601	1
1603	977	1
1604	115	1
748	1605	1
102	225	1
1606	1607	1
1430	1297	1
746	93	1
1608	1609	1
1404	22	1
5	1610	1
199	1611	1
1612	1613	1
1607	1535	1
1614	1615	1
1615	1616	1
1617	9	1
1618	607	1
1594	1619	1
728	1508	1
903	344	1
1620	1239	1
1621	430	1
763	1151	1
1341	1622	1
1221	1623	1
1624	211	1
1371	1625	1
1535	1626	1
1627	412	1
1373	1628	1
77	1221	1
1629	368	1
687	1630	1
956	1371	1
1631	287	1
1632	1633	1
61	888	1
1029	1514	1
748	763	1
1634	1634	1
93	22	1
1635	1636	1
33	1412	1
11	1637	1
1638	1639	1
192	1640	1
1641	1226	1
233	1642	1
1334	1643	1
318	1580	1
1644	375	1
1645	1646	1
1647	135	1
1570	1648	1
1649	1570	1
1570	1650	1
1415	1570	1
1362	1570	1
1648	1362	1
1650	1648	1
446	128	1
446	1413	1
1651	872	1
77	1652	1
1653	816	1
1654	1655	1
1525	868	1
748	855	1
1636	612	1
903	1656	1
1657	790	1
1289	1368	1
1658	1654	1
1413	890	1
1659	318	1
1660	1661	1
1662	1663	1
1664	73	1
1664	1408	1
1366	1665	1
1666	748	1
1667	1446	1
22	1668	1
1669	1577	1
294	294	1
760	773	1
748	889	1
1670	686	1
748	1668	1
868	748	1
1671	1672	1
1673	13	1
1674	1675	1
1676	728	1
991	1677	1
1678	991	1
728	1062	1
318	29	1
1679	11	1
1680	1681	1
1681	1682	1
1683	1682	1
1684	22	1
1685	46	1
1686	22	1
425	375	1
445	713	1
1687	666	1
1688	713	1
1689	1080	1
1690	395	1
1295	961	1
979	1691	1
14	102	1
1058	1535	1
607	773	1
1577	1692	1
1693	1694	1
271	333	1
46	368	1
756	1408	1
365	799	1
1695	1696	1
1697	1488	1
1681	1683	1
1698	1699	1
1700	1701	1
994	1702	1
1703	1702	1
1704	1702	1
1705	1706	1
1707	1706	1
1098	1221	1
207	1037	1
1708	1709	1
1676	1710	1
1419	1510	1
1024	1711	1
343	1404	1
1435	1404	1
1712	1713	1
1714	1715	1
1716	1523	1
1435	192	1
1717	1718	1
22	666	1
115	115	1
1719	1719	1
1720	1721	1
1722	747	1
1723	1724	1
1725	1725	1
1061	1063	1
1726	1727	1
1728	1726	1
1729	116	1
1390	1730	1
811	895	1
1402	1731	1
1732	1733	1
1730	1647	1
1734	748	1
1418	1367	1
128	710	1
1413	710	1
1735	1736	1
1735	799	1
1431	1165	1
868	898	1
431	725	1
133	431	1
431	49	1
446	129	1
1737	1047	1
1737	1738	1
746	1540	1
1546	1739	1
1739	1035	1
1034	1740	1
1035	1539	1
1546	1740	1
1740	1741	1
1742	1740	1
1506	1743	1
1740	1739	1
1432	1431	1
1035	1546	1
1367	1289	1
1736	1744	1
1715	1736	1
271	332	1
1098	1531	1
1531	1097	1
1717	765	1
1745	1249	1
1527	1542	1
1746	26	1
72	772	1
1746	72	1
1544	72	1
1522	72	1
1747	10	1
72	25	1
602	131	1
26	772	1
26	1522	1
1748	1749	1
1733	1750	1
1522	1751	1
1733	1752	1
1733	1753	1
1751	1733	1
1733	1521	1
1751	772	1
317	296	1
131	748	1
1613	131	1
1754	727	1
728	1754	1
1754	1506	1
310	1710	1
310	1716	1
1755	77	1
77	1756	1
1036	183	1
748	1405	1
1757	1717	1
1717	1758	1
1759	1760	1
1760	1761	1
1762	1760	1
1763	590	1
1764	1219	1
1765	1765	1
1152	1766	1
582	582	1
1488	1749	1
1488	1748	1
1767	1768	1
1769	275	1
1770	1771	1
1771	1772	1
1771	1773	1
116	1774	1
1636	1775	1
1776	1775	1
1578	151	1
1219	1219	1
247	528	1
1777	1204	1
1777	971	1
1035	1778	1
1779	1780	1
1781	1780	1
1782	1783	1
29	1782	1
1784	1783	1
1785	1786	1
1785	391	1
1787	1788	1
1527	1655	1
139	1789	1
139	1790	1
1791	1787	1
1792	1787	1
1196	1251	1
366	366	1
1793	1793	1
1794	1569	1
1795	748	1
1796	57	1
1797	1796	1
1796	1555	1
1080	1798	1
1152	1799	1
1152	1800	1
1801	1652	1
1801	1802	1
1803	1801	1
1804	1804	1
1805	1072	1
1806	1072	1
661	1251	1
1807	1226	1
1808	1809	1
1810	1810	1
1811	1221	1
223	1812	1
216	1812	1
1813	1814	1
1813	1815	1
12	1816	1
1817	1816	1
1818	1816	1
1816	1819	1
1820	1821	1
1822	1823	1
1824	1824	1
1825	1826	1
1827	275	1
1152	1828	1
1774	1774	1
1829	1221	1
1393	1829	1
1251	1471	1
1226	1830	1
412	971	1
1831	1831	1
1832	1832	1
161	1833	1
1834	1834	1
1835	748	1
1836	1736	1
1388	1837	1
1838	1839	1
1840	1840	1
1080	1841	1
1827	1769	1
1842	1843	1
868	1844	1
135	1844	1
626	1844	1
1844	896	1
898	1844	1
1845	1846	1
1847	1848	1
1849	603	1
1849	1850	1
1851	1851	1
1851	1852	1
211	624	1
1853	211	1
1854	1854	1
842	1855	1
1490	1580	1
1490	843	1
1855	843	1
1835	991	1
1856	1857	1
857	1858	1
1306	748	1
1859	61	1
1860	1861	1
1862	1860	1
777	1860	1
1860	1863	1
247	1864	1
1865	1856	1
1859	1859	1
1830	1866	1
1226	1867	1
1868	1830	1
1869	1870	1
1870	1871	1
1870	180	1
603	233	1
603	1590	1
1388	1872	1
1388	1873	1
1874	1671	1
1875	1671	1
1876	1877	1
1568	1568	1
1878	1878	1
748	1879	1
1880	748	1
1726	1881	1
1132	1882	1
1388	1883	1
1474	1884	1
1885	237	1
1884	1884	1
1886	1839	1
1887	1888	1
1887	1839	1
1889	1340	1
1890	1891	1
1892	1892	1
1893	1894	1
1895	1896	1
1897	1897	1
1898	1898	1
1899	1900	1
1901	1900	1
1900	746	1
816	1900	1
746	1899	1
816	1899	1
1902	748	1
1903	748	1
1061	1903	1
1902	1061	1
1061	1668	1
1904	748	1
1905	1904	1
4	1906	1
1907	1908	1
1306	1909	1
1910	1911	1
1912	1913	1
1914	1912	1
1915	1915	1
967	1916	1
1204	398	1
1917	25	1
1908	1918	1
968	1919	1
1920	748	1
667	1920	1
1921	391	1
1158	1922	1
1158	1923	1
1924	1925	1
1926	1927	1
1927	1928	1
1929	1930	1
1931	1400	1
1904	1932	1
748	1833	1
748	1933	1
1711	47	1
1934	1935	1
1936	1587	1
1365	1934	1
1586	1936	1
1586	1937	1
1938	1935	1
1934	1938	1
1935	1365	1
1938	1365	1
1365	1936	1
1587	1365	1
1939	1940	1
1842	1941	1
1842	1942	1
411	1943	1
1944	411	1
1944	1842	1
1945	1946	1
1945	1881	1
1945	1947	1
1894	1222	1
1893	1222	1
1948	1949	1
603	1950	1
857	1306	1
1744	1836	1
73	1951	1
1887	1838	1
1952	1952	1
163	1953	1
1080	1954	1
1365	1586	1
1955	1956	1
1842	1957	1
1388	1958	1
398	1573	1
411	1957	1
1959	411	1
1960	1204	1
1961	1962	1
1963	1963	1
1802	1964	1
1965	1388	1
1378	1378	1
1895	43	1
233	1966	1
1843	411	1
1967	411	1
1842	1967	1
1942	411	1
1968	1968	1
208	1969	1
1080	1970	1
394	1785	1
868	1971	1
1972	1973	1
842	1490	1
1490	855	1
1874	1974	1
1875	1974	1
1975	47	1
1842	1959	1
1941	411	1
1943	1842	1
1945	1976	1
1917	1917	1
1904	1428	1
1977	1978	1
1465	1979	1
1980	1980	1
1981	640	1
1513	1513	1
1212	1212	1
1982	1983	1
1982	1984	1
1983	1984	1
1985	1985	1
1295	1985	1
1819	748	1
1465	1248	1
1464	1248	1
1986	184	1
1987	1988	1
1987	1989	1
1990	1990	1
1991	1992	1
1993	1994	1
32	1994	1
1995	751	1
1995	1996	1
1997	1241	1
1998	511	1
1979	1464	1
1248	1700	1
1700	1979	1
1999	1999	1
799	799	1
2000	1242	1
1726	981	1
1726	2001	1
2002	13	1
1488	1991	1
2003	2004	1
2005	1986	1
2006	1246	1
1999	1986	1
1586	2007	1
61	2008	1
2009	418	1
1704	2010	1
1702	2011	1
184	411	1
2012	2013	1
610	22	1
2014	1717	1
1892	25	1
2015	27	1
727	2016	1
748	1380	1
961	1985	1
1985	2017	1
961	2017	1
2018	11	1
2019	2020	1
2021	2020	1
2022	2023	1
2024	2025	1
2025	2026	1
1380	2027	1
2028	1016	1
1702	2029	1
2030	2031	1
2032	2030	1
2030	2033	1
2034	1702	1
2035	1702	1
2036	2020	1
2020	2037	1
2020	2038	1
2039	2020	1
2040	2020	1
2020	2041	1
2020	2042	1
2020	2043	1
2020	2044	1
2045	2030	1
2030	2046	1
2047	2030	1
2048	2020	1
2049	2050	1
2003	976	1
1058	2051	1
287	1028	1
2052	2053	1
2054	2054	1
1362	1133	1
2055	2055	1
2056	2057	1
859	2058	1
2059	2060	1
1912	2060	1
2060	2061	1
296	296	1
1308	1308	1
998	998	1
2062	2063	1
2064	2065	1
2003	977	1
2066	2067	1
2068	2068	1
767	2069	1
641	2070	1
641	1513	1
2060	127	1
2060	2071	1
2072	1308	1
2073	135	1
1375	2074	1
2075	2075	1
2076	2077	1
2076	2078	1
1309	1591	1
1403	56	1
2079	2080	1
33	1431	1
2081	1452	1
2081	2081	1
2082	2083	1
2084	1028	1
2085	2086	1
2087	2088	1
2089	814	1
1591	8	1
1591	2090	1
2091	1591	1
2092	2080	1
2080	1058	1
2093	2080	1
2094	2079	1
2092	2094	1
2093	2094	1
2079	2092	1
2093	2079	1
286	2084	1
2084	214	1
287	2084	1
288	2084	1
668	2084	1
1028	213	1
504	2095	1
2096	2095	1
2097	1584	1
504	2098	1
2099	2100	1
2101	2099	1
2102	2100	1
2101	2102	1
2022	2103	1
1214	2023	1
1214	2104	1
1214	2105	1
2106	1419	1
1367	1419	1
1694	1133	1
2107	5	1
2107	2108	1
1374	1628	1
1397	1786	1
2109	2061	1
2110	2109	1
2111	2109	1
1388	2109	1
2112	2053	1
2113	2053	1
2114	2115	1
2116	2116	1
2117	2118	1
2117	2119	1
2120	2120	1
2121	1594	1
1594	2122	1
1594	2123	1
37	1584	1
2124	2124	1
2055	2125	1
798	2126	1
2127	418	1
1455	1362	1
2128	2128	1
48	48	1
1510	1420	1
1367	1510	1
2049	1133	1
956	2056	1
347	2129	1
2130	347	1
318	1982	1
2131	318	1
2057	956	1
2132	2057	1
2057	337	1
850	2057	1
2133	2057	1
2057	2134	1
1635	2057	1
2057	199	1
2135	2057	1
1611	2057	1
347	2056	1
2136	2056	1
2056	2132	1
2056	337	1
2137	2056	1
2138	2056	1
1054	347	1
971	2049	1
2139	116	1
286	1028	1
2140	2107	1
2141	2112	1
991	347	1
2136	2057	1
1401	347	1
1510	1289	1
2142	1780	1
2143	2144	1
2145	2145	1
2146	1214	1
1679	1679	1
2147	22	1
2148	1431	1
2149	727	1
1440	722	1
2150	590	1
2151	211	1
2152	2153	1
2056	418	1
2154	2057	1
2155	2057	1
959	2057	1
2156	2057	1
2057	2157	1
2057	2158	1
214	2057	1
2159	2057	1
1732	2057	1
2160	2057	1
2057	2161	1
2057	287	1
2162	2057	1
2163	2057	1
2164	2057	1
2057	91	1
2165	2057	1
558	2166	1
558	558	1
2167	2168	1
488	2168	1
2168	491	1
2168	2168	1
2168	2169	1
2170	1780	1
2171	1221	1
2171	2172	1
2173	2174	1
1635	2175	1
2175	2176	1
1431	2177	1
2178	1431	1
1686	2179	1
1686	2180	1
2143	2143	1
1686	2143	1
2143	1072	1
858	2143	1
868	1341	1
868	2181	1
868	868	1
748	748	1
1368	2182	1
2182	1367	1
1737	2183	1
1737	2184	1
2185	2186	1
2187	2188	1
2185	2185	1
2186	2186	1
2189	2190	1
2145	2191	1
2192	2145	1
1362	2193	1
2194	1362	1
2193	1058	1
2194	1058	1
2194	1363	1
263	1679	1
1637	263	1
263	2195	1
728	2196	1
1506	2197	1
1506	2198	1
2199	1506	1
2149	1506	1
1601	61	1
1413	61	1
2200	2147	1
1711	368	1
1404	368	1
748	2201	1
61	2202	1
2202	1336	1
1336	888	1
1435	61	1
2203	61	1
2203	1336	1
352	61	1
352	1336	1
61	2204	1
1336	2204	1
2205	61	1
748	1533	1
985	1533	1
748	1334	1
2206	339	1
2177	1432	1
1432	2148	1
1431	2207	1
1410	1431	1
1425	1431	1
2208	1607	1
1607	1536	1
1058	1607	1
1058	2208	1
1606	1058	1
1058	1536	1
2149	728	1
2198	728	1
727	2198	1
2197	728	1
2199	728	1
2199	727	1
2196	727	1
1676	2149	1
2147	748	1
2209	131	1
2210	131	1
131	1930	1
1440	723	1
2211	1417	1
2212	1417	1
2213	2211	1
1098	2214	1
1097	2214	1
2215	2216	1
2216	1348	1
795	33	1
2207	2217	1
1410	2217	1
2217	1425	1
2218	2219	1
2220	2218	1
1845	2218	1
2218	2221	1
2222	2218	1
1736	2218	1
1715	2218	1
2218	1204	1
1714	2218	1
2223	2218	1
1736	2151	1
2151	1715	1
2151	1714	1
2218	2151	1
1685	2224	1
2225	1685	1
1685	1151	1
1678	1054	1
2226	991	1
346	1678	1
2227	1029	1
2228	2229	1
2230	2231	1
1175	1029	1
1029	2228	1
2232	431	1
2233	2234	1
2235	2236	1
2237	2238	1
1740	2239	1
183	656	1
2150	2240	1
2241	2150	1
2242	2243	1
2244	2245	1
2244	1737	1
2244	2246	1
2244	1683	1
2245	2247	1
2248	2245	1
2245	1680	1
2245	1682	1
2247	1737	1
2248	1737	1
1680	1737	1
1682	1737	1
2247	2246	1
2246	2248	1
2246	1680	1
1682	2246	1
1683	2247	1
1680	1683	1
318	126	1
2249	2250	1
2250	2251	1
2217	33	1
2217	748	1
22	2217	1
1996	2217	1
1688	2252	1
2253	2254	1
2254	2255	1
2256	2152	1
1685	2257	1
113	2257	1
1685	113	1
2258	1685	1
1034	2239	1
2239	2259	1
674	183	1
22	2260	1
1262	25	1
475	475	1
2261	613	1
242	2262	1
2263	2264	1
473	2265	1
316	2266	1
2267	2268	1
2267	2269	1
1493	2270	1
2271	1493	1
404	1575	1
2272	2273	1
2274	2273	1
2275	2275	1
748	192	1
823	192	1
823	748	1
192	2276	1
2277	893	1
2277	1407	1
1450	991	1
2278	2279	1
2280	32	1
2281	13	1
574	2282	1
574	2087	1
2283	2283	1
2206	1635	1
2284	2285	1
579	579	1
2057	2286	1
2287	2142	1
2288	1362	1
2196	1506	1
2289	2206	1
727	2197	1
2284	1758	1
2248	1683	1
1569	1818	1
2213	1417	1
1386	2213	1
2234	70	1
2152	2290	1
2291	2291	1
2292	1020	1
2293	83	1
318	2294	1
2295	1324	1
2296	2297	1
1522	1544	1
2298	772	1
2299	2300	1
1484	1561	1
570	423	1
2277	895	1
2301	2302	1
2303	1049	1
748	2304	1
393	99	1
215	1020	1
2305	1020	1
1226	1768	1
2306	1348	1
2215	2306	1
2306	233	1
1588	1348	1
2307	233	1
1311	2308	1
748	1474	1
2309	2310	1
2311	2311	1
2312	2313	1
2314	2315	1
1904	1904	1
1061	748	1
2316	2317	1
607	2318	1
1411	2319	1
2320	607	1
1214	612	1
1214	2321	1
2322	1152	1
2323	310	1
2324	310	1
2325	310	1
2326	310	1
2327	310	1
310	2328	1
310	2329	1
2330	310	1
310	2331	1
2332	1818	1
2333	1818	1
1818	2334	1
1119	2335	1
1119	2336	1
2337	2337	1
2338	1840	1
2339	13	1
13	1729	1
1729	2340	1
2339	1729	1
2341	2273	1
2273	2342	1
2273	2343	1
2273	2344	1
2273	2345	1
2346	2273	1
2347	2273	1
2348	2273	1
2349	2273	1
2273	2220	1
1736	2273	1
1715	2273	1
2350	2273	1
823	1640	1
811	2277	1
2351	2277	1
2277	2352	1
2277	73	1
2277	2353	1
2354	2277	1
2277	1454	1
2355	2277	1
1406	2277	1
937	2282	1
2283	2356	1
2357	2283	1
2358	2283	1
2283	2359	1
2360	2283	1
2361	2283	1
2283	2362	1
2363	2283	1
2283	2364	1
2365	2365	1
1399	2228	1
2308	607	1
2312	2366	1
2367	238	1
237	2367	1
2368	748	1
2368	974	1
2369	974	1
2370	1608	1
2371	1608	1
1608	2372	1
2373	266	1
2015	1101	1
2374	1323	1
2295	2374	1
2374	2375	1
2374	2376	1
2374	2377	1
1324	2375	1
1324	2376	1
1324	2377	1
2374	2374	1
1324	2374	1
1240	2378	1
1240	2379	1
2379	2378	1
2380	2380	1
1828	2381	1
1716	2324	1
772	1522	1
1522	2298	1
1522	1750	1
2382	1522	1
2383	1522	1
1522	2384	1
1522	1752	1
1732	1522	1
961	1522	1
772	1706	1
1521	772	1
1544	772	1
772	1750	1
772	2382	1
1522	1706	1
1295	1522	1
2385	2386	1
1543	1490	1
2387	2388	1
2389	2300	1
2300	2390	1
2391	2300	1
2300	2392	1
2300	2393	1
2394	2300	1
2300	2395	1
2396	2300	1
2397	607	1
2397	773	1
2398	2398	1
2399	2400	1
879	2400	1
2400	1465	1
1700	1465	1
2401	879	1
2402	2400	1
2403	13	1
2297	2297	1
748	2400	1
2400	876	1
2404	2405	1
1361	2404	1
2406	2407	1
2407	2408	1
1629	12	1
1352	1403	1
1363	1403	1
1541	1561	1
1541	2409	1
1690	2410	1
2411	1690	1
1752	772	1
1732	772	1
1427	2379	1
1240	1427	1
2378	1427	1
2412	2300	1
161	2413	1
161	277	1
2397	806	1
1618	2397	1
1561	746	1
1561	1386	1
1540	1561	1
2414	1561	1
2415	1561	1
2416	1561	1
2417	1561	1
2418	1561	1
2419	1561	1
5	1561	1
1561	2420	1
1561	2421	1
1775	1561	1
2422	2422	1
2423	2424	1
2425	2423	1
748	2426	1
754	12	1
347	347	1
2427	2427	1
2428	2428	1
320	318	1
2429	595	1
2430	73	1
772	2384	1
1266	1726	1
13	2340	1
2215	233	1
2431	310	1
1490	1526	1
2400	2400	1
2432	772	1
772	2383	1
2422	2433	1
2428	2434	1
2432	1522	1
2435	2436	1
2437	2438	1
36	2439	1
1359	2440	1
320	310	1
318	310	1
2430	757	1
2430	2441	1
2430	1408	1
1412	2430	1
752	2430	1
2430	2246	1
2430	2442	1
2430	2443	1
2444	2430	1
2430	2445	1
2430	2446	1
2430	756	1
2447	2447	1
2448	2072	1
2448	1080	1
2449	2450	1
1940	2450	1
2451	1214	1
2452	2453	1
2454	1840	1
2454	2455	1
2454	2456	1
2435	1945	1
2435	1947	1
2457	602	1
383	602	1
2458	2459	1
2460	2461	1
2458	2460	1
2462	2460	1
2460	2463	1
2460	2459	1
2461	2462	1
2464	2465	1
2464	748	1
2438	1385	1
1385	2466	1
2437	2466	1
2467	2438	1
2430	753	1
2468	2469	1
2470	2470	1
2471	2472	1
321	570	1
2473	318	1
2474	1129	1
1129	2475	1
1129	686	1
2476	2477	1
2476	2478	1
68	502	1
763	763	1
1151	1151	1
1620	1613	1
1620	748	1
1613	626	1
36	2479	1
1388	2479	1
2480	1630	1
1719	1687	1
2481	2482	1
974	332	1
1840	2456	1
2483	1996	1
1995	2483	1
2454	2484	1
602	2484	1
2485	2486	1
2487	2488	1
2086	2487	1
2489	1456	1
498	1132	1
2454	602	1
769	2490	1
2491	769	1
787	748	1
2492	2215	1
2215	868	1
1686	2493	1
653	653	1
2086	1714	1
1404	77	1
2494	2494	1
2464	2495	1
2496	602	1
2430	2497	1
2498	2499	1
2500	2120	1
2501	2502	1
945	945	1
2503	2504	1
2505	1979	1
2503	1388	1
1062	2506	1
1937	2507	1
1046	1737	1
827	238	1
1935	2507	1
2507	1934	1
2508	1525	1
1938	2507	1
1587	2507	1
2509	1915	1
2507	1586	1
2507	1936	1
981	2510	1
1133	2511	1
2512	2513	1
2514	2511	1
121	2515	1
1578	47	1
1734	2516	1
2186	1734	1
1734	2188	1
1344	1343	1
2506	727	1
2517	2518	1
298	2089	1
2089	362	1
2519	2519	1
2520	2521	1
1636	1385	1
2522	184	1
1636	2523	1
53	184	1
1755	1756	1
1371	1371	1
2524	2525	1
2454	2454	1
1348	74	1
390	390	1
2526	570	1
903	74	1
1031	1310	1
2527	2528	1
2529	1512	1
1525	2530	1
13	166	1
664	664	1
1221	74	1
790	74	1
843	22	1
2531	2532	1
2533	2534	1
816	816	1
1708	1708	1
2535	2535	1
2343	2345	1
1534	1224	1
120	1878	1
2536	2537	1
1534	2538	1
2539	1534	1
2540	2541	1
47	1025	1
430	2542	1
329	2543	1
2544	1098	1
2545	2544	1
2546	1567	1
2547	746	1
1567	2544	1
1557	1422	1
1541	746	1
2520	1657	1
2548	2520	1
1737	2548	1
1636	903	1
1044	1636	1
1214	2549	1
2550	2551	1
2550	2552	1
2550	2553	1
2550	2554	1
2550	2555	1
2556	2550	1
2550	2557	1
1341	1582	1
2558	2559	1
2560	2558	1
1938	2007	1
2553	2557	1
2554	2557	1
2557	2561	1
2551	2557	1
2552	2557	1
2557	2556	1
2555	2557	1
2562	2563	1
1937	1938	1
1938	2564	1
1586	1938	1
1938	1936	1
2565	2566	1
2567	979	1
2568	979	1
2569	1629	1
425	816	1
1737	1044	1
2523	1737	1
1775	1737	1
2570	1737	1
1636	1737	1
1636	2520	1
2520	1313	1
164	56	1
2246	903	1
2571	2572	1
2393	2395	1
2573	2574	1
2573	2575	1
2576	2573	1
2573	2577	1
2573	1191	1
1191	1717	1
2573	1758	1
2573	2284	1
2578	2573	1
1699	1747	1
1717	2573	1
765	2573	1
2512	2579	1
2580	1512	1
1515	2529	1
1515	2580	1
2580	2529	1
1511	2580	1
2164	956	1
1371	1104	1
2547	1029	1
2581	2582	1
2583	1887	1
2207	1412	1
979	74	1
747	74	1
1029	1417	1
1686	1409	1
1686	1029	1
1686	1031	1
1417	1686	1
2547	1686	1
2584	1686	1
2493	1029	1
1404	1898	1
1114	2585	1
748	1114	1
2586	484	1
2587	484	1
2586	2587	1
2588	748	1
332	2589	1
332	2590	1
2584	1029	1
1370	1370	1
2591	2591	1
2592	2593	1
570	2594	1
748	1203	1
748	982	1
2595	2595	1
2596	74	1
2597	1674	1
2598	2067	1
2598	2599	1
2241	2600	1
2211	2592	1
13	13	1
2601	1963	1
2601	2601	1
2602	790	1
748	790	1
2602	1657	1
937	2602	1
2594	1737	1
1541	1737	1
2603	1737	1
2594	1541	1
2594	2604	1
2605	2606	1
2607	2605	1
2605	2605	1
1735	2608	1
2609	1735	1
2610	2611	1
1609	1609	1
2612	153	1
153	2613	1
2614	2615	1
2616	2616	1
2614	2614	1
2617	2617	1
2615	2615	1
2618	2618	1
748	759	1
2619	70	1
2620	70	1
1190	765	1
1190	1717	1
2022	2621	1
2622	1363	1
2623	2624	1
1737	1657	1
2625	2626	1
207	1414	1
1993	1414	1
1414	1020	1
1414	2627	1
2628	217	1
2628	1474	1
2629	406	1
2629	2630	1
2631	2629	1
2632	2629	1
888	2583	1
2583	1886	1
2083	2633	1
2491	2634	1
2635	333	1
2635	800	1
322	492	1
2636	1454	1
2637	2519	1
1203	2638	1
1203	1242	1
981	981	1
981	2639	1
2640	2641	1
2642	22	1
2642	24	1
2642	25	1
1489	1489	1
201	201	1
1580	22	1
1465	1714	1
1714	713	1
868	1714	1
312	2643	1
2644	1	1
2645	748	1
2646	2647	1
1132	2647	1
1675	2597	1
1097	2597	1
2597	1098	1
1674	1098	1
500	1069	1
502	1069	1
61	2648	1
1413	2648	1
2649	1620	1
1620	2650	1
646	484	1
46	1222	1
2651	46	1
46	1898	1
2652	747	1
74	2652	1
1722	74	1
481	2653	1
481	2654	1
2655	2587	1
2587	2656	1
2587	2657	1
1465	713	1
1465	868	1
2658	2659	1
2659	2625	1
2660	889	1
1796	889	1
2661	2662	1
1601	1601	1
1828	1840	1
748	872	1
1092	748	1
1091	748	1
918	1091	1
2598	2241	1
2647	233	1
2663	889	1
1602	1602	1
2592	1417	1
759	2664	1
1895	2665	1
2633	2666	1
748	2639	1
2484	1840	1
2553	2555	1
74	748	1
74	2667	1
2598	2668	1
2669	2669	1
2669	722	1
2669	1371	1
673	2670	1
2671	673	1
2672	673	1
2673	217	1
1574	2270	1
1575	2169	1
2169	2270	1
2674	2675	1
2676	2677	1
1761	1762	1
2678	635	1
1771	635	1
763	74	1
74	793	1
2504	2679	1
2680	2504	1
2504	1388	1
2679	1388	1
2680	1388	1
2681	1388	1
1388	2682	1
2683	2669	1
1371	2683	1
2669	1572	1
318	2684	1
2685	2686	1
2507	2686	1
1213	2677	1
2687	1132	1
2528	2684	1
2688	2598	1
2689	2598	1
2598	2690	1
992	2598	1
2598	2691	1
2598	2692	1
2693	2598	1
2598	2694	1
2695	2598	1
2696	2211	1
2593	2211	1
2211	2697	1
2548	2211	1
2211	1775	1
1386	2211	1
2592	2696	1
2592	2697	1
2548	2592	1
1775	2592	1
1386	2592	1
2698	2592	1
2699	2592	1
2592	2700	1
13	1421	1
570	1541	1
2604	1541	1
759	756	1
756	2520	1
412	2520	1
114	2520	1
2520	859	1
2520	1408	1
204	2520	1
1273	2520	1
1271	2520	1
757	2520	1
945	2520	1
1244	2520	1
2520	1775	1
1775	2521	1
2521	2548	1
1313	2521	1
2521	945	1
2521	1657	1
1737	756	1
757	1737	1
73	1737	1
1408	1737	1
2666	2083	1
893	1454	1
1454	2354	1
1388	895	1
1454	895	1
2503	2503	1
2679	2679	1
2680	2680	1
2504	2504	1
166	1421	1
2701	2592	1
2520	2702	1
2678	462	1
74	74	1
818	74	1
2703	437	1
437	437	1
126	2061	1
2541	2704	1
2541	2705	1
2706	2541	1
2707	1	1
36	1204	1
2528	318	1
2684	29	1
29	2528	1
2554	2553	1
2553	2556	1
2553	2552	1
2561	2553	1
2553	2551	1
2708	1759	1
1760	2708	1
2709	2709	1
1683	2710	1
1683	2711	1
984	1727	1
1727	1061	1
385	2541	1
1402	2712	1
2713	2712	1
1504	1504	1
1603	2714	1
74	5	1
74	570	1
2715	2716	1
24	74	1
1644	1867	1
1100	427	1
428	1100	1
1910	1680	1
2717	1910	1
2718	2717	1
2718	1910	1
1682	1910	1
1681	1910	1
2719	1910	1
1683	1910	1
2248	1910	1
1464	1464	1
1100	2099	1
2720	2721	1
2721	2722	1
2397	347	1
1453	2397	1
2723	2724	1
2725	2717	1
2717	217	1
2717	2726	1
2717	2727	1
2728	2717	1
2717	2729	1
2719	2717	1
1683	2717	1
2717	298	1
2717	2089	1
2164	6	1
2164	401	1
2164	1295	1
2164	961	1
2164	1985	1
2017	2164	1
1295	2730	1
2730	961	1
2017	2730	1
1985	2730	1
1667	2731	1
2732	2733	1
2732	1658	1
2732	2734	1
2732	73	1
2732	2735	1
2736	2737	1
2738	412	1
1173	2739	1
2740	1658	1
2740	2507	1
2740	2741	1
877	2740	1
2740	2742	1
2743	2740	1
1667	2740	1
2744	2745	1
606	2744	1
2746	2744	1
2744	906	1
2747	2744	1
2748	2749	1
2749	2723	1
2750	2749	1
2751	2749	1
2752	2749	1
2753	2749	1
2731	26	1
1300	2754	1
1685	2754	1
2755	2754	1
2754	2557	1
2754	2750	1
2754	2756	1
844	2754	1
4	2754	1
2754	2757	1
2754	2758	1
2754	2759	1
2760	2761	1
2762	2763	1
2764	2763	1
2763	2765	1
295	2766	1
2766	1132	1
2766	2767	1
2768	2769	1
2769	2770	1
2771	2769	1
2769	1607	1
2769	2515	1
2772	2773	1
2774	2724	1
2748	2724	1
2775	2776	1
2777	2776	1
2778	2776	1
2779	2776	1
1620	2776	1
2776	318	1
2780	2776	1
2781	2776	1
2776	2751	1
321	2776	1
2776	2782	1
2783	2784	1
2784	2785	1
2555	2786	1
2786	2557	1
2786	2783	1
2786	2767	1
2787	2786	1
2786	2788	1
2786	918	1
2786	1318	1
2789	2786	1
2790	2786	1
2791	2792	1
2793	2792	1
2794	2792	1
2792	2795	1
2792	2796	1
2792	1302	1
2797	2792	1
2792	1311	1
2792	2798	1
2792	2799	1
2792	2800	1
2792	2801	1
2802	2803	1
2802	2804	1
2805	2802	1
2582	2802	1
1132	2802	1
2806	2802	1
2807	2802	1
314	2802	1
2808	2802	1
2802	2809	1
2810	2802	1
2802	2811	1
2802	2812	1
2802	2813	1
2814	2815	1
1667	2815	1
2816	2755	1
2816	2750	1
231	2816	1
2817	2816	1
2816	2818	1
2816	2819	1
2820	2821	1
2820	2775	1
1654	2820	1
1966	2822	1
2822	346	1
2823	2824	1
2825	2794	1
2826	2827	1
2827	2828	1
2827	2720	1
2827	2829	1
2827	2764	1
2751	2827	1
2765	2827	1
2827	331	1
2725	2827	1
2827	877	1
2830	2827	1
2827	2831	1
2827	2832	1
2833	2827	1
2827	2834	1
2835	2836	1
2756	2835	1
2835	227	1
1334	2835	1
2837	2835	1
2835	2838	1
758	2839	1
2840	2841	1
2842	2840	1
2840	2843	1
1337	2840	1
2840	2844	1
2845	2840	1
2800	2840	1
2846	2847	1
2750	2847	1
2847	2751	1
2848	2847	1
2849	2850	1
2851	2849	1
1908	2849	1
2852	2849	1
2849	2853	1
2854	2849	1
2155	2849	1
2849	2855	1
1173	2856	1
2850	2856	1
2856	2857	1
2856	854	1
2856	412	1
2858	2721	1
2859	2858	1
2858	2860	1
2858	1667	1
1300	2861	1
2862	2731	1
2863	2731	1
2606	2731	1
2731	433	1
2731	2864	1
2731	2865	1
2731	2866	1
2867	2731	1
2731	2868	1
2869	2749	1
2749	2870	1
2749	2790	1
1667	2749	1
2856	1667	1
2862	2871	1
2871	2785	1
2858	2872	1
2858	2797	1
2861	2512	1
2750	2861	1
2861	295	1
2157	2861	1
2873	2861	1
2874	2861	1
2861	2570	1
2861	2875	1
2861	2790	1
2833	2861	1
2876	2861	1
2861	2877	1
846	2878	1
2788	2878	1
2878	2879	1
2880	2878	1
2731	2881	1
2260	74	1
2217	74	1
2882	2769	1
2883	2769	1
2776	2884	1
2815	2885	1
2886	2827	1
2887	2849	1
2888	2849	1
2884	2889	1
2858	2890	1
2891	2878	1
2892	2893	1
1571	2892	1
2894	2895	1
2896	2896	1
2897	2896	1
2897	2898	1
2899	2900	1
2901	2902	1
2902	2903	1
2260	2904	1
590	2260	1
2179	2260	1
875	329	1
2905	329	1
2906	329	1
2907	1571	1
1571	1571	1
2908	1431	1
2909	2909	1
2910	2911	1
143	2298	1
321	22	1
2912	263	1
166	263	1
2913	263	1
375	1100	1
1731	2712	1
2766	1300	1
2724	2914	1
2819	2786	1
2802	2915	1
2820	2831	1
39	2835	1
2916	2917	1
795	795	1
2918	2910	1
2919	2766	1
2920	2815	1
1644	1807	1
2724	2921	1
2827	2922	1
2923	2731	1
2761	748	1
1100	424	1
1100	426	1
2729	1910	1
2924	2717	1
2717	2925	1
2744	346	1
1317	2749	1
2749	1300	1
1644	2811	1
375	1653	1
1401	2712	1
2926	2766	1
653	2766	1
870	2776	1
2802	2927	1
25	2815	1
2928	2827	1
2849	2929	1
2930	2732	1
2931	2754	1
2916	2176	1
2932	2910	1
2933	2315	1
2934	2724	1
2935	2827	1
2936	2419	1
2936	991	1
2419	991	1
2937	2938	1
748	2939	1
2939	2939	1
2938	2086	1
2940	2941	1
2942	2940	1
2940	2943	1
2940	2944	1
2940	2945	1
2946	2940	1
2947	2940	1
2940	2948	1
962	748	1
748	2444	1
748	2949	1
2950	1293	1
2951	2952	1
2953	470	1
2954	728	1
1822	2955	1
2640	2640	1
1056	2956	1
976	1056	1
2957	976	1
748	2957	1
748	1056	1
2958	211	1
2959	2959	1
2960	2961	1
2962	22	1
2963	237	1
2964	1726	1
2965	22	1
2966	2967	1
2968	1717	1
1717	2969	1
2969	1758	1
2014	2969	1
2577	2969	1
1757	2969	1
2573	2969	1
2969	2574	1
2969	2576	1
2970	2969	1
2971	1717	1
2972	2973	1
2973	2974	1
2975	2976	1
2976	45	1
2976	2977	1
2978	2976	1
2976	2979	1
1777	2980	1
2981	2980	1
2982	2980	1
1344	2983	1
1244	2984	1
1399	2984	1
1244	1399	1
2985	2986	1
1660	1527	1
2987	595	1
1456	2988	1
595	595	1
2989	667	1
2989	748	1
748	2990	1
667	748	1
666	748	1
2991	2992	1
2993	2994	1
166	2994	1
1574	2995	1
2995	2996	1
2997	2995	1
2981	2869	1
2998	2999	1
3000	2998	1
3000	2999	1
2998	748	1
2999	748	1
748	3000	1
3001	748	1
3002	3003	1
3004	3002	1
3002	3005	1
2680	3002	1
3006	3002	1
3007	391	1
390	47	1
1388	3008	1
3009	116	1
13	3010	1
13	3011	1
2444	1344	1
1427	1427	1
1891	1270	1
3012	1891	1
3013	1244	1
3013	1399	1
2163	3013	1
3014	3013	1
3013	3015	1
3013	2502	1
3013	779	1
3013	2667	1
3016	3013	1
3017	3013	1
3018	3013	1
3013	3019	1
56	3013	1
3020	3013	1
3013	3021	1
3022	3013	1
3023	2905	1
2905	1243	1
748	3024	1
984	748	1
484	484	1
1636	3025	1
3026	3026	1
3027	3028	1
1482	3029	1
3029	3029	1
3030	61	1
3030	1336	1
773	3031	1
1481	1542	1
3032	1542	1
3033	2343	1
3034	3033	1
3035	3036	1
184	3037	1
3038	5	1
3039	3038	1
3040	2939	1
2939	3041	1
3042	3043	1
3042	3044	1
3042	277	1
3045	2966	1
1661	2442	1
3046	3047	1
1029	1203	1
1355	1029	1
1231	1231	1
2917	3048	1
3048	3049	1
1730	1391	1
3050	3050	1
3051	3052	1
3052	3053	1
3054	3055	1
3056	3057	1
163	2117	1
3058	3058	1
2995	2676	1
3059	3013	1
1694	3060	1
3061	2940	1
3062	3013	1
3063	3064	1
2956	2957	1
3065	2969	1
3066	3067	1
3068	1660	1
3069	1660	1
3007	390	1
3070	3013	1
2966	3071	1
756	2980	1
3033	3072	1
3036	3038	1
3073	1080	1
1309	3073	1
3074	3073	1
1292	1983	1
3075	1292	1
3076	1292	1
1292	3077	1
1292	2607	1
1711	1711	1
1711	3078	1
1711	3079	1
3080	3080	1
955	1493	1
3081	3082	1
3083	3082	1
3082	3084	1
3085	1526	1
1526	3086	1
2086	1526	1
1425	1425	1
3087	1361	1
3088	3088	1
3088	3089	1
3089	3090	1
3091	3088	1
3092	3092	1
3092	3093	1
1631	1523	1
607	3094	1
3094	1491	1
3095	1490	1
424	1754	1
748	424	1
1616	3096	1
1571	3096	1
3097	322	1
3098	3098	1
3099	22	1
2228	2565	1
3089	3089	1
1506	2016	1
1506	333	1
1506	822	1
825	1506	1
1506	3100	1
3101	10	1
937	390	1
3102	3102	1
207	3103	1
3104	207	1
618	3105	1
3106	2131	1
1588	748	1
748	3107	1
2131	3108	1
898	135	1
3109	748	1
748	3110	1
3111	3111	1
991	607	1
1054	607	1
855	3112	1
1410	3101	1
3113	1629	1
2942	3114	1
3115	3115	1
3116	3116	1
3058	3117	1
3118	952	1
3119	2045	1
3120	3120	1
3120	2690	1
235	1717	1
235	296	1
748	235	1
2921	3121	1
3122	748	1
3122	976	1
3123	3124	1
3124	3125	1
3126	3124	1
3127	3124	1
3128	3128	1
2504	3129	1
1590	1246	1
2908	2908	1
2960	2960	1
1405	2906	1
2906	748	1
3130	3130	1
498	498	1
499	3131	1
2099	1640	1
2099	748	1
3132	1388	1
77	3133	1
3133	1755	1
3134	77	1
3134	3133	1
77	3135	1
3136	3133	1
3137	3138	1
640	640	1
3139	3140	1
3140	748	1
3140	2532	1
753	3141	1
2355	22	1
3142	3143	1
618	1383	1
2956	1831	1
2956	687	1
2111	3144	1
3145	2180	1
3146	3147	1
1873	3147	1
2514	1133	1
748	2514	1
3119	2031	1
3119	2032	1
2046	3119	1
3119	2033	1
938	2099	1
816	2099	1
129	115	1
312	129	1
166	166	1
3115	3117	1
3148	3149	1
952	3150	1
3151	3152	1
3153	3101	1
3154	748	1
3117	3116	1
1209	618	1
3119	2030	1
3155	1526	1
3156	3101	1
896	1563	1
3101	3157	1
867	867	1
1159	2593	1
3158	2593	1
1469	3159	1
375	3160	1
3160	3161	1
375	3162	1
375	3163	1
3160	1635	1
1704	2228	1
1292	1292	1
3164	1249	1
1249	3165	1
3166	3167	1
3166	3168	1
1003	1617	1
603	625	1
625	2086	1
1735	2086	1
1165	3169	1
748	1165	1
2181	1165	1
1177	1726	1
748	1177	1
1169	3170	1
3171	1169	1
1313	625	1
3172	3173	1
3174	3173	1
1230	295	1
1703	2228	1
1520	3175	1
14	755	1
753	265	1
748	133	1
748	725	1
3176	2621	1
3177	3176	1
3178	131	1
131	3179	1
3180	131	1
113	3181	1
2918	2932	1
2918	2911	1
977	131	1
3182	3183	1
3184	425	1
3185	9	1
3186	321	1
3187	2690	1
3188	3188	1
65	3189	1
1705	3190	1
1305	1705	1
3191	420	1
3191	1786	1
3191	3192	1
1305	1707	1
3193	437	1
3194	3186	1
3194	321	1
3195	3196	1
3188	991	1
346	3188	1
85	1636	1
84	3197	1
32	9	1
9	1694	1
3183	3183	1
3198	3198	1
3199	3200	1
3199	3201	1
3202	3200	1
3201	3202	1
2538	3203	1
3204	3173	1
3205	9	1
1469	1469	1
3182	3198	1
1169	3206	1
3207	3170	1
3208	748	1
3209	748	1
2593	3210	1
3211	2593	1
2593	1252	1
3212	2593	1
3213	3214	1
1214	946	1
219	946	1
1214	1214	1
96	96	1
3215	3216	1
3217	3215	1
3218	3218	1
3219	3219	1
2921	2921	1
2297	3220	1
3173	3221	1
3173	1397	1
3173	3222	1
3223	3173	1
3224	3173	1
3225	3226	1
8	3226	1
3227	411	1
20	3228	1
3229	3230	1
1385	1177	1
1177	840	1
1490	607	1
607	1491	1
1490	3094	1
424	728	1
424	1506	1
2010	2228	1
2029	2228	1
2035	2228	1
2034	2228	1
2228	1702	1
2010	2035	1
3231	2228	1
2231	2228	1
2593	1417	1
2697	2593	1
2548	2593	1
3232	3233	1
3234	3232	1
1384	1177	1
2568	1177	1
2437	1177	1
1177	910	1
2438	1177	1
1177	418	1
3235	3235	1
3236	3236	1
3058	3237	1
3189	974	1
1541	3189	1
3238	447	1
3166	3239	1
3239	3239	1
3240	2660	1
3240	1796	1
74	3241	1
3242	475	1
475	3243	1
3221	1064	1
1407	2730	1
424	610	1
991	3244	1
1064	3245	1
1064	3246	1
446	446	1
2151	2151	1
3247	3248	1
487	3249	1
3238	3250	1
3251	748	1
3252	10	1
1388	3253	1
3254	3254	1
3255	3254	1
2747	2747	1
2126	2126	1
3256	3089	1
3256	3256	1
3257	3258	1
3259	3260	1
3261	2181	1
3261	3262	1
3263	3263	1
607	365	1
3249	475	1
3264	1341	1
3265	1341	1
314	314	1
215	1456	1
799	2219	1
392	365	1
3266	438	1
1553	215	1
748	1823	1
725	1823	1
3267	310	1
3268	310	1
3267	3268	1
842	3269	1
3270	318	1
352	329	1
1588	1588	1
3271	1588	1
1292	366	1
3272	1815	1
1815	3273	1
3274	3274	1
3275	3276	1
3275	3275	1
3275	1058	1
3277	3277	1
480	3278	1
3278	484	1
962	3279	1
962	2397	1
962	3280	1
1526	3281	1
1746	728	1
3282	1746	1
3283	1506	1
3284	3285	1
3286	3287	1
121	446	1
748	366	1
748	1043	1
3285	3285	1
436	748	1
9	3239	1
406	3288	1
3289	3290	1
3291	438	1
215	2095	1
1209	3292	1
3293	1209	1
1270	3294	1
2881	1325	1
2881	1816	1
131	2181	1
2181	202	1
2181	2640	1
2181	3295	1
891	3296	1
891	3297	1
1069	366	1
366	3298	1
1069	512	1
1464	713	1
1296	3299	1
3300	1296	1
1296	3301	1
3302	1296	1
3303	1296	1
3304	3299	1
3300	3299	1
3301	3299	1
3299	3302	1
3303	3299	1
3305	1412	1
1412	3306	1
1412	3307	1
128	3001	1
3001	133	1
748	3308	1
1199	2881	1
3309	3310	1
3311	3310	1
3312	196	1
3313	3313	1
748	1613	1
1613	1061	1
3314	1240	1
1240	3315	1
3316	3317	1
3318	3319	1
3319	3320	1
3319	2067	1
2581	2581	1
3321	2191	1
3311	2881	1
196	3322	1
196	3323	1
1686	196	1
3315	3314	1
3324	1465	1
1094	196	1
3325	3325	1
3326	196	1
3327	3328	1
3329	3330	1
3329	3331	1
3330	3332	1
3330	3333	1
3299	3334	1
3304	1296	1
2307	3335	1
3336	3336	1
3337	3338	1
1412	3339	1
3340	1411	1
1720	3341	1
3341	1721	1
3341	43	1
3056	1721	1
3342	1413	1
184	3343	1
2005	3343	1
11	11	1
2215	11	1
2215	3344	1
1221	2215	1
3345	909	1
3345	3345	1
3346	3346	1
3347	2933	1
2936	3348	1
3349	1686	1
806	3350	1
2917	4	1
2171	1409	1
2171	1514	1
2171	1400	1
1059	2171	1
2171	3351	1
3352	332	1
3353	3353	1
1666	1183	1
287	1666	1
1666	25	1
24	1666	1
1183	22	1
3354	3355	1
3356	748	1
2004	3356	1
2905	570	1
329	570	1
3327	3357	1
3190	1707	1
582	437	1
2918	3358	1
307	3359	1
3360	3359	1
307	3360	1
603	3361	1
3362	603	1
3363	603	1
603	3364	1
1054	22	1
3365	1054	1
3269	843	1
895	2730	1
3098	3366	1
3366	310	1
3367	3366	1
1716	3366	1
1710	3366	1
3368	3366	1
3369	3370	1
2088	3370	1
3371	3370	1
3370	2085	1
2085	1442	1
1908	2085	1
3370	1908	1
1908	1442	1
3370	1442	1
3247	1029	1
1029	3248	1
1622	1582	1
3372	3373	1
3373	2936	1
1386	3373	1
618	3373	1
616	3373	1
3373	1636	1
3373	746	1
1682	3373	1
3372	2936	1
3374	3325	1
3334	3375	1
1094	3312	1
11	1953	1
3376	3376	1
3358	2932	1
1415	1642	1
1642	1423	1
11	1090	1
3377	3321	1
1532	979	1
1532	748	1
186	1522	1
3378	499	1
1214	1490	1
3379	3380	1
120	3204	1
120	120	1
2515	3204	1
1498	54	1
26	3381	1
3382	3383	1
3384	3385	1
3386	1246	1
22	1246	1
22	3386	1
1829	1246	1
73	3387	1
3388	3389	1
3389	3389	1
2539	1273	1
2539	1400	1
1273	1400	1
1225	1273	1
1273	3390	1
26	3391	1
3392	3074	1
1547	3074	1
1308	3074	1
3074	1798	1
3393	3393	1
3394	1662	1
1662	3395	1
2117	3396	1
1126	3397	1
3396	1126	1
1629	3398	1
2634	3399	1
3400	3399	1
3401	3401	1
3402	3403	1
3404	3405	1
3405	3406	1
3407	3406	1
3404	3407	1
748	3408	1
3409	3410	1
3409	1292	1
3409	3411	1
3409	3412	1
3409	3413	1
1222	1325	1
1767	3414	1
3415	1767	1
1226	3416	1
1767	3417	1
1092	1226	1
3417	1092	1
1226	3417	1
570	3418	1
570	1736	1
570	1735	1
3419	3420	1
3420	3383	1
3383	1246	1
1246	3421	1
1246	3049	1
1845	3053	1
3422	3423	1
3424	3422	1
1431	1164	1
1490	2549	1
1225	1400	1
3390	1400	1
1388	2634	1
3425	2634	1
3415	3414	1
1244	3414	1
1244	1767	1
1845	570	1
2562	570	1
1035	1740	1
1740	2968	1
3426	3427	1
3428	1094	1
3428	3429	1
3430	3431	1
1358	3431	1
3432	2501	1
3433	3432	1
3434	2501	1
1726	1697	1
3435	3173	1
2515	3435	1
2495	2538	1
1629	2538	1
237	3436	1
2541	3437	1
2541	1109	1
2541	3438	1
206	3439	1
3439	3439	1
3440	3441	1
2949	3442	1
3443	3442	1
3442	3444	1
3443	3444	1
3443	1045	1
3088	3445	1
3088	3446	1
1615	1615	1
1614	1614	1
1616	1616	1
3447	3448	1
570	1744	1
3449	3426	1
3450	3450	1
3451	26	1
1845	3424	1
1432	1164	1
3427	3452	1
1164	3449	1
3452	3426	1
3452	3449	1
3426	1164	1
1164	3452	1
398	748	1
1408	748	1
1408	1524	1
748	1524	1
1524	749	1
748	749	1
3453	8	1
1061	8	1
748	3428	1
3454	3428	1
3455	3428	1
3455	748	1
1786	1786	1
1786	3456	1
3456	391	1
1580	3456	1
3456	838	1
3456	748	1
857	3457	1
3458	438	1
3432	2502	1
1358	3430	1
3459	2501	1
3460	1272	1
3461	3462	1
1726	3461	1
1726	3463	1
1726	1716	1
1697	3461	1
1716	3461	1
1710	3461	1
3461	1062	1
3461	3463	1
3461	748	1
728	3461	1
3464	1899	1
3464	624	1
3465	3464	1
1644	3464	1
425	3464	1
3466	3466	1
3466	3467	1
3468	2089	1
2089	3135	1
3469	26	1
3397	2117	1
3448	2216	1
2501	3433	1
3428	3470	1
2495	1225	1
26	3471	1
26	3361	1
1845	3423	1
1615	3472	1
3472	1614	1
3450	1614	1
3473	3473	1
1061	3474	1
2422	1905	1
1905	3475	1
3476	1905	1
3258	3258	1
3477	3478	1
3479	3479	1
3474	748	1
1061	3473	1
748	3473	1
1443	1590	1
3480	1443	1
2246	2246	1
1046	2246	1
2246	1738	1
2245	903	1
2245	1738	1
582	3481	1
3482	3483	1
3484	1459	1
1085	1418	1
1044	2246	1
1636	2246	1
1418	3485	1
1418	421	1
484	312	1
1370	3486	1
1369	3486	1
748	981	1
3487	3487	1
3488	3489	1
3490	3489	1
3491	3489	1
3492	3489	1
3489	3493	1
1737	903	1
1416	3494	1
2086	1416	1
1846	1416	1
1416	3495	1
2051	171	1
3373	412	1
3496	364	1
25	3497	1
3497	1246	1
3497	748	1
3498	1204	1
3499	3500	1
1538	1538	1
1326	1326	1
3501	22	1
3501	757	1
1408	3501	1
1720	1720	1
3502	211	1
3503	3504	1
3505	3503	1
3503	3506	1
3503	3507	1
3508	1213	1
3509	2626	1
3510	3511	1
3512	3512	1
1281	1083	1
3088	3513	1
3514	1226	1
24	3514	1
2332	215	1
3477	3477	1
3515	3515	1
1635	2135	1
1635	1635	1
3516	1923	1
3517	3517	1
3518	3519	1
3520	3521	1
1685	3522	1
3522	2257	1
47	3523	1
1221	2604	1
1158	3210	1
3210	2795	1
1159	2795	1
3524	1159	1
3524	3210	1
3525	2527	1
2527	1682	1
3526	2527	1
3525	3527	1
2528	3527	1
3527	3526	1
1584	492	1
1584	3528	1
656	3529	1
3530	656	1
1979	3531	1
1248	3532	1
3533	3534	1
317	317	1
317	2049	1
558	3535	1
3536	11	1
2200	2200	1
1685	1037	1
1685	3537	1
713	748	1
445	3538	1
3539	3540	1
245	3541	1
23	937	1
656	3542	1
3258	3543	1
852	412	1
763	3544	1
3541	246	1
3527	1682	1
3545	702	1
1182	317	1
3540	3546	1
3547	748	1
748	11	1
11	3548	1
3549	3550	1
3496	266	1
3489	3551	1
3493	3551	1
3493	2819	1
3493	3552	1
3489	2819	1
3553	3489	1
3553	3488	1
2699	1416	1
2700	1416	1
3554	1416	1
3496	23	1
3496	3555	1
3496	2373	1
242	3496	1
33	3501	1
1412	3501	1
316	671	1
671	3556	1
671	1339	1
3533	3545	1
3534	3545	1
445	3546	1
445	51	1
3557	445	1
1165	1719	1
3558	748	1
3559	3559	1
1362	3559	1
3559	1058	1
2168	3560	1
2701	1416	1
126	3561	1
3562	3561	1
1663	407	1
3563	1663	1
1318	1663	1
1663	1319	1
1320	1663	1
3564	3054	1
1374	1422	1
133	133	1
3565	3565	1
3219	3565	1
3526	3566	1
3567	3566	1
3526	3568	1
1681	3569	1
2719	3569	1
1503	3570	1
748	3571	1
748	1311	1
3572	3572	1
2007	2507	1
2507	3573	1
2007	3573	1
2507	3574	1
3574	2007	1
3575	3575	1
3576	3576	1
1557	1557	1
3577	2930	1
3475	3475	1
1108	401	1
2690	2690	1
2069	765	1
314	3578	1
3578	215	1
221	1747	1
3579	1285	1
3580	3581	1
3499	3580	1
3582	748	1
2538	748	1
3580	3582	1
3580	2538	1
748	3499	1
3583	748	1
2225	3584	1
3585	2225	1
2594	2225	1
868	3586	1
725	3586	1
3586	898	1
1688	897	1
898	1688	1
843	3586	1
3587	3588	1
3589	1507	1
3590	3159	1
1474	1474	1
602	3591	1
119	602	1
32	602	1
602	312	1
602	3167	1
602	1679	1
399	602	1
217	1380	1
612	3592	1
3593	3594	1
3595	3593	1
3596	3594	1
3597	3382	1
3598	3382	1
3599	3382	1
282	3600	1
2485	3601	1
2807	3602	1
1085	1085	1
2917	625	1
1040	73	1
1704	1274	1
131	1029	1
3011	2024	1
1652	2024	1
2584	811	1
1398	2584	1
1474	1187	1
3567	3568	1
2225	2225	1
3586	1688	1
3586	897	1
1187	654	1
3603	596	1
3603	594	1
1441	1399	1
70	1399	1
1399	3604	1
989	987	1
1714	3605	1
3605	3606	1
3605	935	1
1845	3607	1
1845	3608	1
3608	3422	1
3609	2186	1
3609	2516	1
3609	3610	1
2516	3611	1
3610	3611	1
2186	3611	1
1529	1529	1
3612	1214	1
3189	3189	1
2531	748	1
3613	2917	1
2917	1714	1
618	2917	1
3614	2086	1
3615	582	1
3616	1158	1
1158	3617	1
1158	3618	1
3619	3619	1
3620	3621	1
1719	3449	1
780	289	1
3622	3623	1
1652	3501	1
3624	1484	1
3625	3626	1
1221	3627	1
3628	390	1
1396	3288	1
3288	1694	1
2200	1229	1
3629	2200	1
3630	2256	1
2256	2290	1
2256	3631	1
1592	748	1
748	3631	1
3632	748	1
974	1246	1
974	974	1
3633	1270	1
748	3633	1
748	3634	1
1197	748	1
3635	765	1
1344	2903	1
3636	530	1
3636	595	1
2631	3637	1
718	3603	1
578	3603	1
318	3464	1
3359	3638	1
3639	3638	1
3640	2418	1
2418	2086	1
1846	2418	1
1192	1192	1
3641	467	1
1058	3642	1
3642	2093	1
748	93	1
3643	790	1
3643	748	1
3644	3645	1
1532	3645	1
3646	3647	1
3648	3649	1
3648	3650	1
3647	3649	1
3650	3646	1
3647	3651	1
3652	3646	1
1596	3653	1
1418	3654	1
3655	3656	1
3657	116	1
116	3658	1
3656	116	1
2147	1229	1
3659	3660	1
3660	3661	1
790	93	1
242	3643	1
3648	3647	1
3662	3647	1
3650	3647	1
3647	3652	1
3561	127	1
3651	3663	1
3663	3648	1
3663	3662	1
3663	3664	1
3663	3649	1
3665	3663	1
879	3546	1
3546	876	1
3666	1507	1
1507	1992	1
3667	1507	1
1507	3159	1
1507	1378	1
3668	1507	1
1507	3669	1
1935	1586	1
1586	1934	1
2007	1934	1
1934	1936	1
1587	1934	1
1587	2007	1
1935	1587	1
1587	1938	1
2564	2507	1
2564	2007	1
1586	2564	1
2564	1935	1
1936	2564	1
1587	2564	1
1934	2564	1
1935	2007	1
1935	1936	1
2007	1937	1
1937	1935	1
1937	1936	1
1937	1587	1
1934	1937	1
2007	1936	1
3670	3671	1
3670	897	1
3672	3587	1
3588	3672	1
1507	3673	1
728	1507	1
1507	1697	1
1507	3674	1
1507	947	1
1507	3675	1
3676	1507	1
3677	1507	1
3594	1506	1
3594	3678	1
3593	1506	1
3679	811	1
3680	811	1
3681	811	1
757	1040	1
1040	1408	1
3682	1040	1
3683	1040	1
3684	1748	1
1441	70	1
1289	70	1
1289	1441	1
3604	1441	1
3604	1289	1
1289	1399	1
3685	3686	1
1529	3687	1
3687	1528	1
3614	1541	1
2086	1541	1
718	594	1
746	1684	1
1616	3653	1
3653	3688	1
3653	3689	1
3690	333	1
786	2200	1
2256	3691	1
2256	3692	1
2256	3693	1
2256	1289	1
2256	1168	1
3694	2256	1
2992	2256	1
438	2256	1
1327	2256	1
2256	3695	1
2256	992	1
2256	3696	1
2256	3697	1
2256	839	1
3698	2256	1
1030	2256	1
3699	2256	1
3652	3664	1
3650	3664	1
3664	3648	1
3664	3651	1
3664	3662	1
3664	3665	1
3649	3650	1
3649	3225	1
3649	3677	1
3649	3700	1
3676	3649	1
3649	3701	1
3649	3702	1
3647	3225	1
3677	3647	1
3700	3647	1
3676	3647	1
3647	3701	1
3702	3647	1
3651	3652	1
3652	3648	1
3652	3662	1
3652	3650	1
3225	3650	1
3676	3650	1
3650	3677	1
3650	3701	1
3651	3650	1
3662	3650	1
3665	3650	1
3649	3646	1
2256	3703	1
1453	760	1
3636	524	1
3650	3663	1
617	935	1
935	619	1
3373	3704	1
3373	3705	1
3704	3614	1
3704	784	1
3373	3373	1
603	3373	1
748	1683	1
3706	3707	1
1683	3707	1
3706	3708	1
3708	1683	1
748	3706	1
3313	843	1
1719	953	1
1278	2535	1
1231	3709	1
1076	3710	1
3711	763	1
3712	3713	1
22	3714	1
74	3714	1
3714	748	1
3715	570	1
2643	3716	1
411	1016	1
3717	1016	1
2207	1425	1
991	612	1
3313	3718	1
1620	3718	1
1239	3313	1
3719	1620	1
3318	3717	1
3717	3651	1
1412	3720	1
3721	1412	1
1412	3722	1
3722	3721	1
1412	3723	1
3723	420	1
1412	420	1
3724	1412	1
235	3725	1
33	3725	1
1506	3726	1
3727	3726	1
3728	1506	1
1506	3729	1
1506	3730	1
3731	1506	1
728	3726	1
1231	3732	1
2086	3733	1
3734	3733	1
3735	3049	1
3736	3049	1
2016	728	1
3546	135	1
430	3546	1
153	3737	1
1442	1246	1
477	3214	1
1700	1700	1
3738	2093	1
3739	3740	1
1275	3741	1
3741	3742	1
3741	3460	1
1271	1369	1
3741	3743	1
1370	3741	1
3741	1369	1
1380	3744	1
3745	1673	1
1505	1505	1
3000	855	1
2999	855	1
3353	3746	1
3353	3747	1
3748	1892	1
3749	3749	1
2951	1292	1
3750	3750	1
3751	3752	1
3753	57	1
3753	3754	1
3755	3755	1
3756	2593	1
3757	2593	1
3757	3758	1
3758	2593	1
390	3759	1
3759	1588	1
22	1197	1
991	3760	1
3761	3760	1
3762	2052	1
129	1249	1
602	1249	1
602	129	1
1435	47	1
811	1719	1
318	1719	1
22	1400	1
3763	22	1
3764	50	1
1735	2016	1
2086	2438	1
3706	3706	1
3765	748	1
3706	3766	1
3767	3768	1
3768	748	1
3769	3770	1
3770	3770	1
1348	22	1
2307	22	1
3771	1411	1
1411	1411	1
2998	855	1
3479	318	1
233	318	1
3479	816	1
318	3107	1
3772	3773	1
1390	1379	1
3774	3775	1
898	3775	1
748	3774	1
898	748	1
430	1581	1
1555	430	1
2966	430	1
430	3345	1
394	166	1
2935	1246	1
1246	3776	1
1246	2089	1
1246	318	1
1246	3271	1
2593	431	1
1379	11	1
11	3777	1
11	3772	1
1379	156	1
3757	431	1
3758	431	1
1430	1307	1
3718	1239	1
843	3718	1
3725	1506	1
3725	728	1
318	811	1
893	1719	1
1454	1719	1
1271	1400	1
50	3778	1
1058	50	1
50	3779	1
3780	50	1
3764	3778	1
3727	234	1
3733	186	1
3781	3049	1
3049	1661	1
3049	3782	1
1714	1735	1
1626	1536	1
3707	2593	1
1417	3707	1
3707	1681	1
746	3707	1
3767	3783	1
3767	3784	1
3785	3767	1
3786	3767	1
3787	3767	1
3000	842	1
3000	843	1
3788	3788	1
523	3789	1
3789	530	1
3790	3790	1
61	3791	1
888	3791	1
3792	2535	1
1488	3792	1
3792	748	1
1278	3792	1
2210	602	1
3793	602	1
2210	3793	1
2210	2210	1
3794	2210	1
3794	602	1
2089	2089	1
3795	2089	1
976	395	1
2056	2056	1
3796	217	1
2995	2060	1
2060	2060	1
3741	3797	1
1370	1271	1
722	2179	1
3777	156	1
3798	3733	1
3572	3790	1
3799	3799	1
1776	1044	1
3800	1044	1
3793	3801	1
3802	1388	1
607	2584	1
3803	2584	1
748	2584	1
3804	1289	1
3805	3805	1
1411	347	1
22	3806	1
1468	3807	1
784	3640	1
3808	3640	1
3640	3809	1
3640	3810	1
25	3811	1
2626	2626	1
2626	1090	1
2626	3812	1
1304	2626	1
1989	2626	1
3813	3053	1
3424	3813	1
3813	3423	1
937	3813	1
746	3813	1
3801	2210	1
3814	2210	1
3814	3793	1
3815	988	1
987	3815	1
868	3816	1
58	3816	1
713	3816	1
1654	1654	1
1655	1658	1
607	748	1
3817	2485	1
3818	49	1
3819	3820	1
3821	3819	1
3822	1613	1
3823	1612	1
264	264	1
497	497	1
3824	748	1
3825	748	1
3826	748	1
3827	748	1
3320	3828	1
35	3828	1
3828	3829	1
3828	3830	1
3828	3831	1
3828	3832	1
3828	3833	1
3834	3828	1
22	1541	1
3835	3493	1
2092	3836	1
2092	3837	1
2798	3190	1
3190	2086	1
3838	1817	1
3839	748	1
3840	1270	1
1362	1576	1
1363	1429	1
748	3841	1
3842	748	1
748	3843	1
728	748	1
3844	3812	1
2368	1221	1
1900	425	1
3845	425	1
3845	1900	1
3845	3845	1
3846	979	1
979	3847	1
3848	806	1
2086	3848	1
1846	3848	1
1029	3849	1
1029	1310	1
1310	2229	1
249	656	1
748	3850	1
1248	3851	1
3851	3532	1
3852	1248	1
164	3853	1
3854	1388	1
3855	1736	1
3855	1714	1
3855	2223	1
3856	3177	1
3857	3857	1
164	391	1
26	748	1
3858	1601	1
3859	3859	1
2030	3860	1
2515	2030	1
1626	1058	1
976	2998	1
1219	3861	1
1686	773	1
1686	347	1
3862	748	1
3862	1524	1
1411	748	1
3862	1479	1
1411	1311	1
1411	3862	1
3863	3864	1
3864	2301	1
3192	3865	1
3192	3866	1
3867	3868	1
3869	3870	1
3871	3872	1
3873	3872	1
3874	3872	1
3875	3872	1
1492	1492	1
1492	3876	1
480	475	1
480	480	1
1726	1726	1
3177	3177	1
3793	3794	1
3851	3852	1
3877	3412	1
819	3	1
109	3878	1
109	6	1
109	974	1
93	975	1
975	23	1
975	3879	1
200	975	1
975	3880	1
3	975	1
431	3000	1
2998	431	1
1386	22	1
3836	3205	1
3190	3881	1
3190	1100	1
3190	1908	1
746	3190	1
3190	1386	1
3190	189	1
3190	2729	1
3190	1683	1
3190	3148	1
3190	616	1
3190	373	1
3190	1177	1
1100	2798	1
2798	1908	1
2798	1386	1
2798	1683	1
1289	1419	1
1289	1420	1
1418	1289	1
806	1412	1
1031	3849	1
1409	1310	1
3882	1031	1
128	3818	1
133	3818	1
3883	128	1
3883	133	1
3884	128	1
133	3885	1
3886	1249	1
2525	3886	1
3887	1632	1
934	991	1
1056	934	1
3888	1448	1
3889	1448	1
3890	3891	1
3892	3892	1
2999	431	1
3893	109	1
90	109	1
975	109	1
3894	109	1
109	107	1
3893	1457	1
1457	90	1
3878	3893	1
3878	90	1
3878	1457	1
81	3878	1
2525	1249	1
1249	3895	1
1249	3896	1
1249	1643	1
1029	3882	1
1310	3849	1
3897	1310	1
3898	1310	1
3899	3852	1
1714	2219	1
1715	2219	1
1736	2219	1
2223	2219	1
1745	2219	1
2219	3848	1
2219	3734	1
2135	2219	1
2219	3900	1
2219	2171	1
2219	3901	1
2223	1714	1
3902	2223	1
3903	2223	1
2223	3904	1
2223	3905	1
2547	2223	1
2223	3906	1
3907	2223	1
2223	3908	1
2223	1715	1
2223	1736	1
3734	2223	1
2223	3909	1
2223	2548	1
3872	3910	1
3893	83	1
1457	83	1
81	83	1
83	3878	1
83	109	1
3	109	1
1457	109	1
2530	2525	1
2508	2525	1
1995	3887	1
758	3887	1
3911	3887	1
802	3887	1
803	3887	1
3887	1094	1
1093	3887	1
1118	3889	1
1529	3912	1
3131	3131	1
366	3131	1
3913	3624	1
748	2532	1
3914	748	1
914	3914	1
748	3915	1
3571	2532	1
3914	3571	1
3914	1651	1
3914	3916	1
3917	3918	1
3918	3919	1
610	1281	1
625	1281	1
1281	24	1
1281	1281	1
3920	610	1
3920	625	1
3921	625	1
3921	610	1
24	3921	1
24	3920	1
2118	1292	1
2118	3410	1
3922	1292	1
1292	3923	1
1292	3924	1
3925	1292	1
3926	1292	1
2667	22	1
1465	3927	1
3928	3929	1
1580	2798	1
2798	748	1
2798	838	1
2120	1107	1
3930	2120	1
618	618	1
618	1481	1
1481	935	1
1481	616	1
3931	2400	1
2400	1464	1
2343	3928	1
3932	2345	1
3932	2347	1
2345	3928	1
3928	2347	1
3928	2274	1
3067	2400	1
3067	3931	1
3932	2343	1
3933	425	1
3934	3899	1
3899	3935	1
2530	3899	1
3899	3936	1
3899	1249	1
3937	2515	1
3937	3938	1
3937	3269	1
3937	3937	1
2037	2037	1
1636	25	1
1636	1706	1
3939	3940	1
3941	3942	1
2567	237	1
2567	382	1
2567	1403	1
3943	3944	1
3945	971	1
22	3946	1
3947	3251	1
3948	3948	1
2444	3949	1
3950	2444	1
1226	3951	1
1662	2030	1
3221	1508	1
310	1508	1
818	1657	1
2970	1718	1
1757	1718	1
1757	3952	1
3953	1404	1
3954	391	1
3955	3954	1
3956	3957	1
3958	3959	1
3959	748	1
868	3958	1
3959	3959	1
3958	1755	1
1658	3960	1
1214	3961	1
2645	3962	1
3963	1363	1
1481	1740	1
1546	1481	1
3954	748	1
868	3959	1
3959	3934	1
3934	3851	1
3935	3936	1
3959	3936	1
3851	3936	1
3935	1249	1
1249	3959	1
3851	1249	1
2567	1381	1
219	2567	1
1403	219	1
2961	3946	1
2535	3946	1
3946	2817	1
1485	2628	1
2628	3964	1
1748	2628	1
1749	2628	1
1485	3964	1
3964	1748	1
1749	3964	1
1749	1485	1
3964	1697	1
2446	2444	1
20	2444	1
1508	2554	1
2556	1508	1
1508	748	1
1508	727	1
2576	3952	1
1718	3952	1
1718	2576	1
1718	2014	1
1718	1359	1
3952	2014	1
3899	3959	1
3851	3959	1
3899	3958	1
77	3959	1
3960	132	1
1658	3965	1
3965	2112	1
2968	1481	1
3729	3966	1
3729	3967	1
3966	748	1
748	3967	1
312	475	1
3453	1604	1
3002	211	1
3968	3968	1
3969	3968	1
1377	1373	1
642	1373	1
3970	3971	1
333	317	1
333	1092	1
3972	3973	1
318	748	1
2667	318	1
3974	1229	1
3975	3976	1
3971	3977	1
3977	3970	1
3978	3979	1
3980	3978	1
727	2201	1
3981	116	1
3982	116	1
116	3061	1
1388	3983	1
3984	3985	1
3984	3986	1
3762	3986	1
2939	2535	1
3987	2278	1
2278	3988	1
3989	2278	1
2278	3990	1
3987	3989	1
3987	3990	1
3988	3989	1
3988	3990	1
3991	3645	1
2218	612	1
1500	57	1
3891	3891	1
1523	382	1
1221	3992	1
3373	22	1
3993	1129	1
3994	2506	1
3462	727	1
2506	3995	1
3996	2506	1
3462	3462	1
24	748	1
748	25	1
3997	3998	1
3999	1099	1
1099	4000	1
4001	1401	1
333	2411	1
4002	333	1
4003	333	1
605	603	1
603	603	1
605	605	1
4004	3919	1
24	4005	1
364	4005	1
4005	242	1
4005	266	1
4006	4007	1
3741	1276	1
4008	1464	1
4008	1700	1
4009	4009	1
4010	731	1
3893	3893	1
2693	1016	1
2693	4011	1
3934	3935	1
2407	1377	1
642	2407	1
4012	1373	1
4012	1377	1
4012	642	1
2407	4012	1
332	317	1
2667	1580	1
1481	1742	1
1481	1739	1
1481	1035	1
1741	1481	1
3966	1755	1
1755	3967	1
1564	3966	1
1564	3967	1
3729	1564	1
1755	3729	1
3729	77	1
56	475	1
4013	1025	1
4013	193	1
2220	22	1
2222	22	1
1715	22	1
22	1714	1
1736	22	1
1525	4014	1
748	3972	1
3241	538	1
3462	3994	1
4003	4015	1
2218	22	1
3995	2628	1
728	3995	1
1697	3995	1
3995	3462	1
3995	1716	1
3995	1710	1
3994	728	1
3994	1697	1
728	3996	1
1697	3996	1
3462	3996	1
3996	1716	1
3996	1710	1
2628	3996	1
2547	4016	1
4016	1386	1
746	4016	1
4016	1775	1
4016	2548	1
1239	843	1
1580	1239	1
1636	4017	1
1636	4018	1
4019	4020	1
4019	4021	1
2608	4022	1
4020	2608	1
2608	4021	1
4020	4020	1
4023	4020	1
3097	4020	1
3097	4021	1
4022	4023	1
4024	4025	1
234	1221	1
4026	1221	1
234	3344	1
234	4027	1
4028	3611	1
4028	1798	1
3611	1798	1
4029	4030	1
4031	4031	1
4010	1878	1
4032	1878	1
4033	4033	1
2453	346	1
2453	748	1
991	2453	1
1054	2453	1
2453	1056	1
395	4034	1
4034	219	1
3414	4035	1
414	3414	1
4036	186	1
4036	188	1
792	4036	1
4036	755	1
4036	3148	1
792	4037	1
792	4038	1
792	4039	1
3985	4040	1
4041	4042	1
4043	4043	1
4044	4043	1
748	4045	1
748	4046	1
4047	748	1
748	1464	1
4048	4049	1
1796	4049	1
4048	1796	1
1064	1362	1
1064	1064	1
4050	3899	1
956	1409	1
4051	4052	1
4053	4051	1
4054	4055	1
4054	4056	1
573	321	1
4057	570	1
2938	4058	1
2271	1216	1
4059	940	1
2378	386	1
1240	386	1
57	1426	1
1583	4060	1
4060	1584	1
1583	4061	1
163	4062	1
748	4063	1
73	4064	1
1187	4065	1
4066	1187	1
4067	3354	1
3060	3189	1
4068	1850	1
4069	1850	1
1850	4070	1
4071	310	1
4072	310	1
3039	3039	1
4073	614	1
2116	4073	1
625	3624	1
3624	1285	1
4074	3624	1
1840	3355	1
1840	4075	1
3355	2455	1
3355	2456	1
4076	4077	1
4078	4076	1
4076	4079	1
4080	4076	1
4076	1162	1
4081	4076	1
2631	4076	1
4076	4082	1
4076	4083	1
3017	4084	1
8	4085	1
4086	8	1
1216	1216	1
1216	4087	1
4087	4087	1
490	1525	1
3959	490	1
2920	1361	1
2920	4088	1
4089	1361	1
1361	4090	1
1361	412	1
4091	1361	1
1361	4092	1
1361	4041	1
4093	1361	1
4094	1361	1
1361	1586	1
1361	4095	1
4096	1506	1
748	603	1
4097	4098	1
1204	4099	1
3353	4100	1
4101	502	1
506	506	1
4102	2091	1
2091	1037	1
2091	4103	1
4104	2091	1
2091	4105	1
4106	2091	1
2091	4107	1
2660	4108	1
4109	4108	1
502	3298	1
1277	748	1
1277	763	1
991	344	1
1425	344	1
4025	4025	1
4110	1663	1
2518	1464	1
2518	1465	1
2518	1700	1
1700	748	1
748	1465	1
570	3020	1
4111	4112	1
423	745	1
27	1457	1
4113	1457	1
1457	4114	1
4115	4115	1
4115	4116	1
1590	1204	1
1204	2006	1
1204	602	1
1629	4117	1
4118	4119	1
4120	4119	1
4120	4121	1
314	4120	1
1475	1475	1
1392	1392	1
238	623	1
4122	1700	1
876	1700	1
686	61	1
193	4123	1
193	4124	1
47	4124	1
47	4123	1
4125	332	1
121	1499	1
1499	233	1
4126	3465	1
4127	4128	1
4127	4127	1
4129	318	1
991	1657	1
1657	5	1
1056	1657	1
1243	1243	1
748	4130	1
748	343	1
4131	4131	1
4131	4132	1
3891	4133	1
4134	3891	1
3290	2297	1
649	2297	1
1654	4135	1
4136	1654	1
4137	1654	1
1654	4138	1
3660	1654	1
4139	1654	1
4140	1654	1
1658	4135	1
1394	166	1
4141	4141	1
1158	4142	1
1158	3383	1
4143	4144	1
4145	4146	1
4147	4146	1
4148	4149	1
4150	1277	1
748	242	1
748	1151	1
573	573	1
1256	4059	1
4076	2926	1
4084	4151	1
4108	1796	1
4152	4108	1
4153	74	1
1393	1393	1
4023	2099	1
4022	4154	1
4155	4022	1
3678	25	1
3677	3189	1
1737	4156	1
2246	4156	1
77	77	1
1295	1706	1
1706	961	1
1706	570	1
4042	4042	1
794	794	1
4157	131	1
4158	4159	1
1691	1540	1
4160	131	1
4161	746	1
412	3241	1
4162	746	1
4162	625	1
1321	1624	1
193	3374	1
193	3325	1
2798	1540	1
816	1708	1
1708	1100	1
4022	4020	1
1221	4163	1
4164	570	1
570	4165	1
4166	840	1
4054	3696	1
4054	2239	1
1399	3414	1
70	3414	1
4167	3414	1
4071	1716	1
727	4071	1
1525	3959	1
4168	296	1
318	4168	1
1486	93	1
625	1486	1
4054	2259	1
746	1486	1
321	4169	1
3099	4169	1
329	4169	1
1425	4170	1
748	4171	1
667	4171	1
748	2585	1
6	573	1
3812	4172	1
1262	656	1
448	448	1
4173	318	1
4174	121	1
4175	121	1
1226	4176	1
1767	4176	1
4177	310	1
4178	748	1
4179	748	1
2551	2554	1
4180	4180	1
4181	4182	1
238	940	1
238	4183	1
941	4183	1
4184	4185	1
1775	4185	1
4185	2418	1
2547	4185	1
4185	1386	1
4081	1774	1
4186	1774	1
4185	4187	1
4185	2548	1
4185	2419	1
3643	4185	1
4188	4185	1
4185	746	1
2551	2555	1
2551	2556	1
2552	2551	1
4189	4182	1
773	773	1
4190	4190	1
4190	4191	1
4192	4193	1
217	1443	1
4194	217	1
4195	1410	1
4196	4197	1
4198	4197	1
4199	4197	1
4197	2269	1
4197	4200	1
1648	1058	1
1648	4201	1
1097	1648	1
4202	1058	1
1377	237	1
4203	271	1
176	368	1
1214	1964	1
318	368	1
4204	1306	1
2494	949	1
430	4205	1
1427	2143	1
2143	1428	1
4206	3355	1
981	4207	1
4207	748	1
981	4208	1
975	4209	1
4210	4210	1
4211	2663	1
4211	133	1
4212	2663	1
4211	4211	1
4213	233	1
4214	1109	1
328	328	1
908	1410	1
1410	904	1
134	366	1
911	1410	1
296	368	1
1662	368	1
1521	958	1
4215	749	1
1521	355	1
640	653	1
1348	4213	1
4216	1409	1
621	10	1
1243	3812	1
4217	1801	1
4218	4218	1
4219	4220	1
590	4220	1
1655	4220	1
4221	4220	1
4222	4220	1
4220	1605	1
4220	4223	1
4220	4224	1
4220	4225	1
3629	4220	1
4220	1281	1
1590	3058	1
235	816	1
1151	368	1
368	763	1
4220	1326	1
4220	4226	1
4220	4227	1
1287	2475	1
4228	4229	1
4230	519	1
4231	3021	1
4232	4233	1
1221	4234	1
1802	3385	1
3385	4235	1
1935	3385	1
493	3385	1
3385	4236	1
3385	4237	1
4238	3385	1
3385	4239	1
4240	3385	1
972	3385	1
3385	319	1
3385	4241	1
2015	2015	1
29	2015	1
2015	4242	1
4242	3766	1
30	4242	1
1208	1383	1
3597	4243	1
4243	4244	1
4243	4245	1
517	17	1
560	17	1
4246	431	1
4246	432	1
544	4246	1
544	4247	1
4247	431	1
4248	4246	1
4246	557	1
1290	4246	1
4246	17	1
4246	586	1
4249	4246	1
4250	557	1
4248	4250	1
17	4250	1
586	4250	1
4249	4250	1
4251	1452	1
2105	2105	1
4252	4024	1
4079	4252	1
4253	4252	1
930	930	1
748	4254	1
4255	4255	1
4256	1256	1
614	3734	1
4257	3734	1
4258	3734	1
4259	614	1
614	4260	1
93	614	1
4261	4261	1
73	391	1
73	1786	1
391	391	1
2189	4262	1
233	4263	1
4263	1623	1
533	523	1
1140	1146	1
1146	1138	1
4264	4264	1
727	310	1
1523	727	1
749	4265	1
1208	1206	1
1210	1209	1
4266	4267	1
4268	4230	1
4269	3186	1
1424	4270	1
4271	4272	1
375	668	1
121	4273	1
4274	4275	1
57	4276	1
4220	4277	1
2236	4278	1
2236	4279	1
2236	4280	1
1246	4280	1
972	4281	1
1101	1099	1
3107	1214	1
3107	4282	1
3376	4283	1
4284	937	1
4285	4286	1
4287	3021	1
4288	4289	1
4290	4290	1
4291	22	1
4291	816	1
4292	235	1
4293	1401	1
1214	1401	1
2539	4294	1
2539	4295	1
4296	2539	1
2539	4297	1
1224	4295	1
4297	1224	1
4291	763	1
22	4298	1
2877	2877	1
882	882	1
881	881	1
1709	1709	1
12	12	1
2877	12	1
12	1709	1
12	882	1
2877	1709	1
2877	882	1
1709	882	1
4299	4300	1
3402	4300	1
4301	4302	1
4301	1049	1
4303	131	1
4303	4304	1
4305	551	1
689	4306	1
4307	689	1
4054	1699	1
4308	10	1
4309	10	1
10	4310	1
4311	2215	1
4312	4311	1
4313	3147	1
3147	4314	1
1915	4315	1
1277	1151	1
425	3147	1
4316	425	1
4314	425	1
4317	4318	1
318	1488	1
4319	4320	1
2368	4320	1
2175	4320	1
4320	1918	1
1463	271	1
4321	1463	1
4322	1463	1
333	1463	1
1463	660	1
4260	1463	1
3106	1463	1
4323	1463	1
2115	1463	1
1463	4324	1
4325	1463	1
2745	3444	1
4326	4327	1
2515	2031	1
1016	4328	1
2028	4329	1
3772	2028	1
4328	3772	1
326	327	1
1388	4330	1
1388	4331	1
1388	4332	1
4333	3271	1
603	4334	1
603	4335	1
2557	4336	1
1403	748	1
3406	4337	1
1804	3406	1
4338	4338	1
4339	4340	1
4340	4341	1
816	4342	1
4342	1955	1
25	4343	1
4343	24	1
4343	4342	1
4343	93	1
816	22	1
1432	1165	1
1432	1111	1
1165	1111	1
4281	1519	1
1519	972	1
972	4344	1
3596	1519	1
1277	22	1
4313	816	1
816	3147	1
1850	4345	1
186	4345	1
1850	186	1
4327	4346	1
4346	4326	1
4329	1016	1
4335	10	1
233	4335	1
603	10	1
4347	4348	1
1341	1889	1
1008	4349	1
404	3812	1
4350	1395	1
757	1504	1
2107	772	1
2107	4351	1
4352	3359	1
2188	2188	1
2188	3611	1
2940	1428	1
253	1428	1
2215	3042	1
4353	1708	1
2930	2239	1
976	1269	1
1534	1269	1
1534	976	1
867	1388	1
1250	2150	1
1097	1250	1
1250	4354	1
1250	1676	1
4355	1250	1
4356	4357	1
4358	1553	1
1832	305	1
4317	4359	1
2264	1463	1
4329	4328	1
3318	2613	1
4360	2594	1
1329	4360	1
4361	4362	1
2381	4363	1
3420	4292	1
4364	4365	1
1832	4364	1
4366	4366	1
4367	4368	1
24	4368	1
3	4369	1
3	3893	1
3811	1561	1
2091	4370	1
4371	4372	1
4371	4371	1
4371	4373	1
4371	4374	1
4375	4371	1
4376	4377	1
4377	4377	1
1904	4378	1
4378	4379	1
4380	4380	1
2992	3490	1
3552	3490	1
3873	3871	1
3490	2785	1
3490	3873	1
4368	4381	1
4368	4382	1
4368	1714	1
2726	4368	1
4368	1112	1
2091	3237	1
2785	3552	1
4383	1659	1
4384	1659	1
1889	1343	1
1344	1889	1
4385	4386	1
4385	2437	1
910	4385	1
3283	2107	1
2107	4387	1
2107	1521	1
2384	2107	1
2107	1732	1
1753	2107	1
2432	2107	1
253	2940	1
1708	4388	1
4353	1709	1
4368	2729	1
4368	1683	1
4368	2710	1
2711	4368	1
4368	2089	1
362	4368	1
298	4368	1
4368	2727	1
4389	4368	1
3568	4368	1
4368	4390	1
4368	4391	1
4392	4393	1
4393	11	1
4394	506	1
1683	4367	1
1659	1394	1
1889	1342	1
4368	1113	1
4394	501	1
2661	4395	1
4031	2661	1
4396	317	1
46	1147	1
2787	1073	1
1073	922	1
1147	1025	1
4397	612	1
4398	612	1
2917	612	1
612	4399	1
612	4400	1
4401	4401	1
4402	4401	1
4402	4402	1
4403	1636	1
4404	4404	1
748	4405	1
4406	748	1
1388	4407	1
4408	4407	1
4393	3232	1
3232	1549	1
4014	3232	1
4409	2613	1
4410	2613	1
390	4411	1
390	4412	1
2613	4412	1
3717	4409	1
4413	3804	1
1351	4414	1
4360	3271	1
1292	4360	1
4415	4415	1
4416	4416	1
1168	4417	1
4178	4418	1
4178	310	1
4419	4178	1
4420	4420	1
4420	4421	1
728	1403	1
1811	4422	1
4423	1811	1
2175	3613	1
2175	3640	1
4424	3115	1
3115	4425	1
3115	4426	1
3115	4427	1
671	3115	1
3115	4428	1
4429	3115	1
4362	3115	1
4361	4426	1
3115	4430	1
4431	3115	1
4432	3115	1
4358	3115	1
4358	4361	1
4358	4433	1
4361	4424	1
4424	4433	1
4425	4361	1
4433	4425	1
4426	4433	1
4427	4361	1
671	4361	1
671	4433	1
4428	4361	1
4433	4428	1
4361	4429	1
4362	4433	1
4431	4361	1
4430	4361	1
4433	4430	1
4432	4361	1
4433	4432	1
4434	4435	1
4436	2957	1
4437	3106	1
4438	4437	1
4439	748	1
4439	2016	1
4439	1270	1
4440	2541	1
4440	4441	1
4440	386	1
4442	1515	1
4442	2580	1
4442	2529	1
4442	4443	1
4444	4442	1
4442	1511	1
4445	4445	1
1408	4445	1
4446	565	1
4447	3564	1
3564	748	1
4448	4448	1
4449	1535	1
4449	1607	1
4449	2208	1
1606	4449	1
1536	4449	1
4449	2646	1
4449	4450	1
4449	1626	1
231	4449	1
4449	147	1
4449	4451	1
4452	4449	1
4449	1181	1
4453	4449	1
4454	4449	1
4455	4449	1
2750	4449	1
4456	4449	1
4457	4449	1
748	4418	1
1716	4178	1
1080	4361	1
3613	3640	1
1190	2573	1
1190	766	1
4458	2580	1
4459	4459	1
4379	4379	1
4460	4461	1
2017	4460	1
961	4460	1
4462	347	1
4463	4463	1
73	4463	1
4464	4465	1
4465	2951	1
2607	4465	1
4466	4465	1
4465	4465	1
748	4467	1
4468	4468	1
1076	4469	1
857	4470	1
4471	4472	1
4473	3895	1
3895	1049	1
1930	4471	1
1537	984	1
1537	748	1
4474	4475	1
3651	4474	1
4476	4474	1
4477	2621	1
2621	2621	1
4478	3176	1
4479	4479	1
4480	4480	1
4479	4481	1
4481	4480	1
4479	4480	1
4479	4482	1
4482	4480	1
4482	4483	1
4480	956	1
4479	956	1
1388	4484	1
806	806	1
4485	4486	1
4486	4487	1
4488	4486	1
4489	4486	1
1109	4486	1
1019	4489	1
4489	4490	1
4485	944	1
4487	944	1
4487	144	1
144	4488	1
4491	3812	1
1204	4492	1
1230	4493	1
1246	1735	1
4494	1735	1
1735	4020	1
4495	4496	1
748	4495	1
1226	1629	1
4496	1377	1
1098	3958	1
3958	1097	1
3958	937	1
1685	3958	1
1580	4497	1
1214	1580	1
2621	1580	1
1214	4497	1
4497	2748	1
4498	4497	1
1483	4499	1
1432	399	1
1629	3456	1
1629	3423	1
1098	2546	1
2545	2546	1
1559	828	1
488	488	1
4500	4500	1
3011	3011	1
4501	549	1
550	4501	1
4501	542	1
4501	1290	1
4501	48	1
4501	4502	1
1370	4503	1
4503	1466	1
4504	1370	1
4504	1466	1
4505	4504	1
4506	3385	1
3385	2215	1
3039	4507	1
3936	4508	1
4508	1249	1
4508	4509	1
2508	4508	1
4508	2530	1
4510	3936	1
1249	4510	1
4509	4510	1
4510	2530	1
3936	4511	1
4511	1249	1
4509	4511	1
4511	2530	1
3324	4508	1
4508	1016	1
4512	4508	1
4513	4508	1
4514	4508	1
4508	4515	1
4516	4508	1
1634	4508	1
748	4517	1
4518	4519	1
3718	748	1
3718	4178	1
412	314	1
412	313	1
880	4520	1
1306	33	1
1410	33	1
4521	523	1
523	4522	1
3273	4522	1
4523	4523	1
4524	1822	1
3935	4525	1
1	4526	1
3891	1525	1
3891	3959	1
1525	1243	1
1755	3959	1
1525	1525	1
3531	1080	1
1080	4527	1
4528	1080	1
1080	4529	1
4530	4531	1
4530	4532	1
4533	3621	1
4534	1629	1
1629	2877	1
1629	4535	1
4536	1629	1
1629	1817	1
3359	1629	1
763	4537	1
3872	4538	1
4538	3875	1
4538	3137	1
4539	3137	1
4203	4540	1
4541	4540	1
3716	2682	1
1439	131	1
1694	4542	1
3189	1670	1
686	3189	1
850	4543	1
4243	4243	1
3192	3978	1
332	3978	1
1373	3978	1
3708	3708	1
618	2129	1
4544	868	1
748	4544	1
4545	4546	1
4546	4547	1
4548	4549	1
2086	618	1
4549	2086	1
4550	3861	1
4551	4025	1
4552	4553	1
4554	4555	1
4556	4556	1
4557	1016	1
4460	4558	1
956	4481	1
2207	806	1
3891	1662	1
3891	4559	1
3891	1016	1
4560	4460	1
865	4460	1
1985	4460	1
4558	865	1
2621	4478	1
806	1425	1
806	1410	1
757	4445	1
523	4561	1
4442	1512	1
4443	2580	1
4444	2580	1
4562	2580	1
4442	4458	1
4442	4563	1
1755	1512	1
2529	1511	1
2580	4563	1
4497	838	1
728	4497	1
1506	4497	1
2970	2573	1
880	3689	1
2234	3689	1
1629	4564	1
1629	1377	1
4565	1629	1
3872	3490	1
3872	4566	1
4567	3872	1
3873	4538	1
4568	4546	1
4546	4569	1
4549	4570	1
4571	1448	1
4572	1448	1
4496	4573	1
4496	4574	1
4496	4575	1
4496	4576	1
4577	839	1
4578	4577	1
2573	4579	1
2573	4580	1
2573	1757	1
2573	2014	1
2573	1718	1
2573	3065	1
3689	4520	1
2743	3689	1
4581	3689	1
880	2743	1
880	2234	1
4520	2234	1
3959	1817	1
3959	4582	1
4346	3959	1
3935	3959	1
4583	1629	1
1629	4584	1
4585	1629	1
881	1629	1
4586	1629	1
2541	1629	1
4495	1629	1
1629	4346	1
3137	3872	1
4539	3872	1
437	3872	1
3872	2981	1
3875	3137	1
4538	4587	1
4538	3910	1
4538	3871	1
4538	4588	1
4589	4538	1
4539	3875	1
2129	1442	1
4590	2129	1
4548	2086	1
4548	3370	1
4549	3370	1
4548	4570	1
4557	2028	1
4591	4591	1
4592	4591	1
4593	4593	1
2748	4594	1
4594	1214	1
2748	1293	1
4595	2442	1
1192	4596	1
4536	4597	1
1532	4598	1
4598	4598	1
1532	4599	1
1430	22	1
4600	4600	1
2245	1636	1
1385	1737	1
1385	1044	1
2437	1385	1
1385	2520	1
1385	2521	1
4601	4601	1
3717	3717	1
3717	2028	1
4602	2028	1
2028	2028	1
4603	1388	1
816	4604	1
4604	4578	1
4605	1061	1
4606	4606	1
4607	4607	1
4606	4607	1
4608	271	1
3326	2525	1
2525	3896	1
4609	2525	1
4610	2525	1
2513	2525	1
2524	2748	1
2748	3326	1
2524	3326	1
3176	3896	1
4611	4610	1
4609	2512	1
1904	4612	1
1390	1390	1
1730	1730	1
1273	4613	1
4614	4615	1
1	1037	1
2405	4616	1
4617	4618	1
4619	4618	1
4618	4613	1
4620	1832	1
4613	4621	1
1485	4612	1
4612	2628	1
1748	4612	1
3326	1490	1
344	1395	1
346	344	1
3475	4612	1
1904	3475	1
2826	375	1
2826	2826	1
4622	75	1
2151	2826	1
244	1036	1
2644	244	1
2754	183	1
1385	2245	1
1080	4623	1
4624	1080	1
1080	4107	1
4625	4626	1
4627	244	1
3440	1080	1
332	318	1
4628	4629	1
4630	4628	1
3325	2585	1
4123	2585	1
1927	4631	1
4632	4631	1
4633	2869	1
1700	2325	1
4634	1700	1
4634	1464	1
4393	1687	1
32	367	1
1020	32	1
748	4061	1
1474	321	1
1474	2765	1
4635	4636	1
1292	1588	1
4637	3176	1
3176	4638	1
1759	2258	1
4639	748	1
1492	13	1
4640	13	1
13	4641	1
3130	131	1
203	3419	1
4642	5	1
819	5	1
4643	4644	1
725	725	1
1797	4645	1
4646	4645	1
22	4647	1
4648	4648	1
3913	1273	1
2981	1249	1
3936	2981	1
2981	3934	1
2981	2530	1
1479	1885	1
1479	2444	1
4649	1479	1
4649	748	1
1479	4650	1
4651	4652	1
4651	4651	1
1631	214	1
1744	4653	1
1735	4653	1
1353	748	1
3708	4595	1
2445	4595	1
2246	4595	1
1636	4595	1
4654	4595	1
4536	336	1
4536	242	1
4536	365	1
336	365	1
336	242	1
725	864	1
4655	4655	1
1737	1384	1
2245	1044	1
1385	1046	1
3717	4602	1
2748	3176	1
2748	4611	1
2748	2512	1
2748	1317	1
4498	2748	1
2525	2748	1
2748	4656	1
2748	2695	1
4611	3176	1
3176	2512	1
3176	4657	1
4658	3176	1
4611	2512	1
4611	2103	1
4611	1293	1
4611	2695	1
4659	2512	1
4660	2512	1
1747	1695	1
1747	4661	1
1699	1695	1
4662	1695	1
1695	10	1
4661	1695	1
1695	4663	1
4664	1747	1
1747	4663	1
1747	4662	1
1695	4664	1
1696	1747	1
4618	4665	1
756	4617	1
1150	4617	1
4617	421	1
4617	4666	1
1273	4617	1
4667	1036	1
1036	412	1
1036	4668	1
1036	2278	1
4669	2448	1
1114	3325	1
748	3325	1
4670	2258	1
2258	113	1
1760	4225	1
4225	2708	1
2708	854	1
854	1759	1
2258	4225	1
4225	1759	1
1524	2664	1
1524	4671	1
1524	4672	1
945	1524	1
798	1524	1
3176	4656	1
4673	2448	1
1760	2258	1
2708	2258	1
1760	854	1
4670	113	1
2982	2981	1
2126	1524	1
2258	854	1
4674	1464	1
967	4675	1
1919	4675	1
4676	4677	1
1234	4678	1
4462	4462	1
937	1076	1
1076	4679	1
4680	4680	1
4681	4681	1
1940	4680	1
4680	4682	1
4680	4683	1
1940	4681	1
2015	748	1
4684	4685	1
298	2608	1
2608	2089	1
2089	3097	1
2089	3594	1
362	2608	1
3097	362	1
3594	362	1
3097	298	1
298	3594	1
1225	4686	1
164	233	1
131	640	1
4686	1448	1
748	2397	1
2397	907	1
431	4687	1
431	4688	1
431	1563	1
4689	431	1
4690	431	1
748	3342	1
843	3342	1
431	4691	1
431	4692	1
4687	748	1
4693	2568	1
4693	346	1
33	3284	1
4546	2069	1
3903	3902	1
748	3284	1
1525	3284	1
4694	193	1
4694	47	1
2690	4695	1
2690	4696	1
1380	4697	1
1380	1945	1
2725	1380	1
1380	2363	1
1380	1947	1
1775	2917	1
4698	1636	1
8	1249	1
1404	4699	1
1029	5	1
1360	4545	1
2022	296	1
2022	317	1
317	2023	1
4700	4701	1
1422	3586	1
1353	1915	1
4702	1915	1
4703	3770	1
4704	2582	1
1243	2909	1
2909	1230	1
1610	2400	1
2400	4705	1
4706	4706	1
2158	4707	1
4707	1465	1
1465	1581	1
4708	4709	1
1940	4710	1
1964	1428	1
1685	1221	1
1685	4711	1
147	1685	1
2494	1685	1
4712	1685	1
4713	3317	1
3833	3317	1
1643	2397	1
4675	2025	1
2025	4714	1
4567	2025	1
2064	2025	1
2025	4715	1
2025	4716	1
2025	4717	1
2025	12	1
1709	2025	1
881	2025	1
882	2025	1
2025	175	1
2025	748	1
907	773	1
3462	2397	1
431	51	1
4718	431	1
431	4719	1
4720	431	1
431	4721	1
431	1267	1
4722	431	1
4723	1404	1
1404	1147	1
4723	192	1
1147	192	1
800	4724	1
4647	800	1
2548	2917	1
2917	1715	1
1736	2917	1
2223	2917	1
746	1029	1
1360	4547	1
1360	1206	1
2023	296	1
2023	4725	1
2022	4725	1
4726	2273	1
4727	2273	1
1706	2273	1
2273	956	1
2273	1295	1
2273	961	1
2527	2273	1
1706	2017	1
2346	1295	1
1295	2342	1
4727	4726	1
4727	2346	1
4727	2342	1
2346	961	1
956	961	1
956	4727	1
4726	956	1
2346	4726	1
1926	1928	1
4728	1926	1
22	1247	1
1736	4729	1
4729	3798	1
4730	4263	1
4731	4732	1
1413	1433	1
1413	1404	1
3108	3860	1
779	4733	1
4734	4734	1
4735	4736	1
4737	4737	1
1058	4738	1
4738	1362	1
1061	2998	1
959	4739	1
4740	959	1
4741	4742	1
2052	4741	1
4742	2052	1
1635	956	1
4743	956	1
4743	1371	1
4744	956	1
4745	1581	1
1581	4746	1
2220	1736	1
1736	3798	1
1736	4747	1
4748	4748	1
4749	748	1
748	4750	1
4751	4733	1
4733	1636	1
1371	1635	1
2220	1715	1
4733	418	1
4752	4733	1
1489	4753	1
4741	4754	1
4461	956	1
4743	1635	1
4461	1371	1
4755	2226	1
2226	2226	1
1908	1541	1
1541	3606	1
1541	2917	1
3606	2917	1
4756	4757	1
4757	4461	1
4757	4758	1
1447	3288	1
223	1447	1
1054	748	1
4759	70	1
2231	70	1
4760	70	1
4761	70	1
57	57	1
4762	57	1
4763	57	1
3382	2520	1
2936	4764	1
4764	2527	1
3382	4764	1
4765	4766	1
4765	4767	1
4765	4768	1
4769	4765	1
4770	4771	1
131	4772	1
1884	4772	1
4773	806	1
1568	4659	1
1755	420	1
4774	1755	1
4775	4775	1
4775	4776	1
4775	4777	1
4776	4777	1
4778	4779	1
674	9	1
4780	4781	1
4782	4781	1
1527	625	1
1527	1159	1
1097	1527	1
4783	4784	1
4785	4786	1
748	4787	1
1529	1477	1
3953	4788	1
2536	4789	1
2793	1600	1
1477	1528	1
2536	1929	1
4790	3953	1
4791	2536	1
3189	1600	1
4792	4793	1
3953	794	1
4361	3953	1
4794	4795	1
4796	4797	1
4797	4797	1
4798	4799	1
4798	4800	1
4798	4801	1
1550	1908	1
4802	4803	1
4804	4802	1
4805	4802	1
4806	4802	1
4184	4807	1
4807	2419	1
4808	4807	1
4807	4809	1
4807	4810	1
4807	4811	1
4812	4807	1
4813	4807	1
823	1691	1
4161	4319	1
1653	4319	1
4814	4319	1
4815	4319	1
4816	4319	1
4817	2245	1
762	58	1
3606	1908	1
1541	4461	1
1540	3614	1
1625	1104	1
2033	2032	1
1550	2085	1
4802	4818	1
4803	4804	1
4807	2547	1
4807	746	1
4807	1386	1
2547	4184	1
4819	2547	1
4820	4821	1
4820	4822	1
4820	1511	1
1512	4820	1
4823	1691	1
4824	1691	1
4801	1691	1
4825	4319	1
4319	816	1
4319	4826	1
4827	4319	1
4828	1541	1
4829	1541	1
4830	1541	1
1541	854	1
1541	2862	1
2493	1541	1
1541	4831	1
1541	4832	1
4833	1541	1
1541	4834	1
3389	1541	1
1541	4835	1
1661	1541	1
1541	4836	1
1372	1104	1
1104	2121	1
1104	1595	1
1104	1596	1
1104	1597	1
2122	1104	1
1104	2123	1
2047	2033	1
4837	2047	1
2045	2047	1
2047	2046	1
2032	2047	1
2047	2031	1
2045	2033	1
2046	2033	1
2033	2031	1
3119	4837	1
2030	4837	1
4837	2045	1
2046	4837	1
4837	2032	1
4837	2031	1
806	4001	1
806	4838	1
1425	4773	1
4773	607	1
2226	420	1
4571	4780	1
4432	4780	1
4780	4839	1
4780	730	1
4840	4780	1
4780	4841	1
4571	4782	1
4432	4782	1
4782	4839	1
730	4782	1
4782	4840	1
4841	4782	1
4794	4842	1
1683	4794	1
2417	4794	1
4794	1790	1
4843	4794	1
4794	3386	1
4794	4844	1
4794	756	1
4794	3189	1
4795	4842	1
4795	1683	1
2417	4795	1
4795	373	1
4795	1790	1
4795	4843	1
2136	1550	1
1550	4845	1
1550	322	1
1550	2915	1
1550	1683	1
3693	1550	1
3287	4319	1
4319	3184	1
3248	2536	1
4793	4846	1
4793	332	1
4847	2536	1
2415	2536	1
1477	3687	1
1600	1600	1
4848	4849	1
4850	4793	1
2416	2536	1
4851	4849	1
2509	4852	1
4849	4853	1
4854	3953	1
4852	4855	1
4856	4849	1
979	4857	1
393	4852	1
4858	4852	1
4782	119	1
332	4068	1
4859	258	1
1706	4860	1
1706	4861	1
3771	1706	1
2418	1706	1
3946	1706	1
4862	1706	1
4863	4863	1
4864	4865	1
2582	4866	1
1695	4668	1
1214	1532	1
3929	4867	1
4868	4869	1
1685	4870	1
4871	1685	1
1685	4872	1
1685	2478	1
4873	762	1
4874	4875	1
4876	4876	1
4803	4876	1
4877	4803	1
1464	909	1
748	1245	1
1532	1695	1
4668	1532	1
1881	4878	1
1881	4879	1
1881	4880	1
1526	4881	1
4882	1526	1
3477	1526	1
1526	4883	1
1526	4884	1
2709	1526	1
1526	4011	1
2709	4885	1
2709	4886	1
1526	720	1
4885	4886	1
720	2709	1
